3323.0773561752526
2879.4018953363043
1356.9493395749485
1212.7657582265333
1063.5273372711783
993.608249707394
933.4783938767247
788.28252337919
669.6875420827479
642.6862899265163
539.9205459070233
440.3431095000438
387.1119309998662
356.2783529194149
337.87336316508777
337.458235881949
325.29651935506934
319.54306411573873
314.0267234346197
313.7890706292846
299.6021223268719
277.07421811606446
276.59366083035496
273.2842946562659
263.5476638328815
261.3842932107245
255.31595918822714
241.9042557418882
193.69723849926632
193.21533554704652
185.59224971486233
182.25203651582336
177.07671012879078
176.89548009186169
174.53786066761063
168.6409706484001
168.08490842142479
163.55255329707919
151.96382895995782
139.88671070017784
133.2065908814248
123.21450640536449
115.33861336412703
111.74356797968352
108.85791343679807
107.28274629904288
106.91141783942189
104.80824769681134
104.799919933318
101.69105392036995
93.84519588344772
86.80894795813904
86.42801100081431
84.85018801436699
84.27086894112756
83.75504917671677
78.60218414317343
77.50449427903612
75.7140487096607
74.2356159414872
73.88445668028484
72.96821974639103
71.01645508928722
67.08140140120156
63.64925430555651
63.48822763630551
60.828098178962854
60.446553372376
59.20921877219395
58.29467879022908
57.5516510099103
56.28102460790994
55.35336336945114
55.075215447644055
54.42926992542198
53.56621823406112
53.4449271888626
50.736951054880414
50.17878088129388
48.3006446150691
46.447766468827524
45.44511136702423
44.004538546158436
42.196426223708784
40.379256964477946
40.14605725326113
39.799740011946405
38.94960139146053
37.86756146673811
37.5708992229558
36.25268136795471
35.96996614244631
35.66031207578825
34.871574743352014
34.5929153164387
34.41206726134265
32.21891488596337
31.913597349523858
31.875837691337175
31.539693294346588
31.264667557216946
30.809527322673283
30.375445547806006
28.734577359851297
28.417325499836664
27.500525326669695
25.908914110846442
25.293790332506337
24.51054919702232
24.48411766096064
24.349972978047976
24.13757742974955
22.6089316825517
20.937872506657644
20.77361392695322
20.566302083387612
20.283298294695662
20.236023181497742
20.047138288955562
19.660990884217092
19.63187537094926
19.415263237175914
19.104210155705186
17.67417773222822
17.507537101969447
16.78708481896659
15.644043757330211
14.936527066473108
14.51425325962552
14.404096851280858
13.860957445706898
13.617755765159421
13.56452951982042
13.369718165039645
12.625575279000435
12.59700287005993
12.545890763958443
11.592548183214744
11.345051601575427
10.923104281929705
10.675433179802722
10.326994857658981
9.52485375193631
9.423351690677162
9.423351690642376
9.162642947808544
8.33025261256582
7.730919463238465
7.700343238500142
7.186409592060861
7.177891111410536
7.176816794365787
6.032302948318445
5.458932552470181
4.940776590447754
4.611729698037291
3.8858935316726093
2.908472404162707
2.558985184373047
2.369632961179349
1.9585736280668153
1.2463109094307974
1.0286137787678042
0.9256857551378294
0.5851486352481021
0.2781346563844762
0.22713196492435123
0.002062125390168871
2.7442507298072457e-10
