3219.708602871412
3141.514017800219
1436.7748269058638
1154.1037890871496
1015.3218144604366
964.6981347161047
908.2625662206665
722.2344186929116
669.2456441565145
638.4713622202158
541.9881695596673
541.2077102413159
369.57309493400953
363.2525230123666
347.4141086281519
344.5016582577198
327.971909100862
315.2359350507684
308.1355480315896
295.38666535980025
291.3527561689374
284.4326844475985
282.71778471246796
267.8715477376747
266.72248979041944
263.9033977814998
253.71518426613872
187.15637131373234
177.23787772478133
166.11595363204395
156.81679972594932
154.69763740417494
152.8988747050898
149.96579988375845
149.30832049486602
149.08089581456372
146.18957011696384
137.38994196213213
134.97368387560405
128.7022985999839
128.49944883753383
128.33652799609618
126.20081220098324
123.57892616019858
121.81374213928646
115.85578628887627
115.66519972618741
109.96092392551019
107.46722899056667
104.95037314793264
101.79314912252362
98.43894345729653
95.58877272321058
94.98660696384934
91.35103317899103
87.95810078491043
82.82683730222426
82.01515067493088
79.12685114213457
76.83450453414659
76.73940182013162
67.02924495340636
66.44808321771524
66.41944635363544
65.27832934655451
64.91887711068071
63.852138629518954
60.01210407677845
59.72542883898414
59.61913248348685
57.1472329442912
55.61256430201383
52.991444329126665
52.79665816435665
50.31281030853438
49.74613281647018
49.06338998772875
46.69622624385323
44.41777941264533
42.47308901182619
42.11596373294812
41.798613112313404
41.00066565594618
40.68114218798396
40.20021822632215
39.971132023611055
39.57629088409563
36.83584980042756
33.807434499096644
32.32520150978915
32.22620792721984
31.593694125043303
31.413801258157427
30.797566266277734
30.03595913433221
29.938904898689557
29.875517306998816
29.846576158616312
29.741094533632623
29.593197532541527
29.41564633665993
26.921585834298142
25.517861996939367
24.664117580158617
24.658410853919875
24.332890976674403
22.84233882977686
22.645198933431274
22.55082497150423
21.554256843331693
21.172053897054152
21.024375838230263
20.985769109383366
20.804103617601026
20.608013083755335
20.020927152494743
19.85074120876076
19.544675231193683
19.27111114462707
19.087216259791465
18.73046794975412
18.44217777712619
17.55159773636575
17.108347746581657
16.966949466098026
16.782697285716388
16.764321005205723
16.365065733966645
16.299386013182666
16.080310081728253
15.987380577032354
15.8488306484186
14.645361275688908
14.543832858235326
14.54373092660203
14.502972585546189
14.262578964611071
14.187088993799328
14.069758300615897
13.679100072828716
13.486977830555661
13.199870395318374
13.187971949849464
13.168335535543417
12.40590219766884
12.30216988913427
11.551797982873735
11.519832606051297
11.413747132409974
10.912448912686122
10.77736807313442
9.99107641644241
9.76956466437431
9.332333573711836
9.09520575443707
8.894511627228084
8.835071823310638
8.783253108784264
8.45305499526546
8.363381163327695
8.308136096269717
8.288564482196005
8.117037801350163
7.984978577584233
7.584176584239055
7.559679961246848
6.663211145566765
6.651163466830481
6.597170360631203
6.498216908017188
6.435768359019
5.652628105843338
5.6498492963502995
4.1119804043861485
4.1098314839488985
2.022336326159629
1.523401648485119
1.3603322952192884
1.3219336307986007
1.2236073717070761
1.0017105681091842
0.9577766931026536
0.6706715927508476
0.6141713099723436
0.6113803799877146
0.47233717726962116
0.4530964639534907
0.25211286785674997
0.18548977491667018
0.11948256184068193
0.10349863321353492
0.07620270875942335
0.05265059486461081
0.013135561024052944
0.00047985199494353744
0.0001597792330338975
1.4528879076714261e-09
