3363.537254938097
2944.820576770572
1422.451648812933
1170.2270952341578
1026.605159964322
1014.4569856291032
909.2176484769968
837.1869867046423
666.1686929715177
641.7153141929662
578.7346726361402
505.13912731055046
440.49226283254336
427.4046454149463
393.75364540134717
372.5243602924083
335.3310422824798
331.7292100327883
300.278102201879
298.5427885745034
298.20246519429145
298.0585495623011
290.90005161270096
290.04298512911805
280.95686911351584
269.7817116700526
265.8226216956337
258.0027201837147
228.30516902690803
227.1308875549959
207.77933285833876
194.6891541705132
190.5916720081625
188.8028138230788
182.87890766126742
180.838305285729
174.2835468828344
168.222057920564
154.9946447858653
148.69758951199717
138.63956490784864
134.61096641478943
133.7696520551067
132.43337974741576
131.5718076522383
127.51818585520326
118.89538396939741
116.56147493720145
113.13798190521183
112.44657188104833
110.79325818845534
107.49060398317279
106.92768214752358
106.14921208313406
103.48442268916423
97.16450642566865
94.91736533332316
89.90753106155775
84.22485543622498
81.60046647887118
81.29352097417735
79.59111663140067
78.99009221143108
77.51779004030327
75.77843522954157
75.36466355572155
67.66286783016376
67.62941770679912
67.46813051623495
67.42402133376167
66.84380936805697
66.64766637720216
65.06178069174669
64.86366056113773
62.611858124793685
60.60976274565743
57.76892026969154
56.42979708475035
51.93565181810363
51.54364411228571
50.52857627450902
48.85902438549279
48.80999464214744
48.02044084510138
45.82563958421434
45.65351368246944
45.564053261589166
45.3924975861569
45.18181973566445
39.97952292511032
38.932756586227754
37.52939968630687
37.3833097797328
36.06363954299478
33.35344366480215
33.22416441274517
33.13424347925216
32.061381853308326
31.98760438433717
29.263308865207012
28.876880030714204
28.315223535258287
28.06647557592107
27.790646890624846
26.459191373344026
26.29536425517461
26.035080726590724
24.94755005860159
24.796650419821702
24.473238236023185
24.297980403094286
23.682181431018027
23.464661296379354
23.390148031696675
22.753295266989273
22.408512262827166
21.661464662958892
21.388659927596233
21.345837891296547
20.17371528732048
19.205967787900477
18.846002078122797
18.751828060618394
18.417358911618056
18.15390630801152
17.99673058751772
16.990503253095053
16.277741135074766
16.082841774009164
15.83307757431875
15.699428282183097
15.539927202858248
15.498955542822904
15.021242506015586
14.039646587893447
14.014495775745353
13.719814747175953
13.705124810238559
12.222322949613288
12.189407833558711
11.590241717476877
11.428862333212189
10.008390456060209
8.575926143031664
7.793963192601984
7.194605346163094
7.098394055937323
6.954678921290942
6.611360868307211
5.967566898115338
5.911583153148876
4.7028399894855895
4.702701994967963
3.850816284297841
3.4971742642334402
3.3326425943689175
2.8647442342434846
2.0822823718943457
2.0260532329632746
1.5336038484259387
1.443695383519305
1.195552253715303
1.1826281654362234
1.1756931629422442
1.1217531338784015
0.7825859109371517
0.4156240831039319
0.36836619346348
0.35700240954332507
0.2937602801091855
0.250576966736027
0.13886639624545993
0.13384396497547302
0.008665382366283482
0.008642202744841529
9.37165659161871e-10
