3031.5959795385947
2880.2985545545694
1331.5475693481965
1140.0624932325213
963.9722341724655
916.3577149072983
841.0800139838076
713.6693792093961
609.5151016557071
577.0089758156975
571.5122929339943
486.65217879964325
445.66773476419166
364.9944127068545
346.62836339103467
339.5046710135988
319.7675193907026
303.68816858728604
302.270382428826
286.84330856812926
286.286747219611
283.05814882354883
261.3650204375938
256.6588761384326
251.80194988256076
249.35306779483798
209.53522855407888
203.8893486076299
198.5261823379342
193.6997065674402
193.585677976464
183.68941287434797
182.38964587525354
150.96513856429527
145.80824470340502
145.47866271208258
143.2490019056762
142.84488642939758
141.75385074147712
138.20904178488723
132.07002098549626
130.46719846262178
124.76419278114834
121.13749195023493
116.90410304624446
115.65062467587762
114.6417920959124
112.86854459886236
108.39918684455138
107.33338547010864
98.45101703599933
97.2260864690567
97.14378458263883
86.2892981552304
86.1778579521895
86.0685693562094
84.53577531757826
83.48660242580421
81.38727382461738
80.59502088301228
79.84870277818936
78.81666045467381
77.81306550797301
71.94507121244585
63.90758106992302
63.40498626495657
63.22433082821551
62.08621431604692
60.69790047189378
58.67644248386351
57.581939645211584
56.09147511924226
55.69477443403002
54.822468093207
52.19005535957649
51.837565609101475
51.18628735131496
49.869016121198364
49.026495822246204
48.55100551252559
48.47187707819308
47.444494199574
45.97792154476465
42.61305861522183
42.35782751173364
42.19462127851954
42.052606032683926
40.97463733619363
40.49231442842962
40.40968362743932
40.03249209721837
39.70636421747721
38.14857006597458
35.148506150295496
34.136408242727505
32.9019270983458
32.89392896046196
30.998776238922215
30.75406535247933
28.469876084239957
28.316198145190302
27.343186120799253
27.31794573208001
26.971684292141124
26.67039036781817
26.200744093190746
25.56163078574744
25.034475298678903
23.941818266943567
23.75098997364941
23.23472778534516
21.01956424481902
20.713042924786045
20.031792222892708
19.69308262765357
19.65542252721393
19.2648882159338
18.793564403721586
18.768791333915914
18.200347804021888
18.048115032666313
17.411339670562914
16.896009826758196
16.842511106569628
16.778727005290776
15.999478881083117
15.998143460197202
15.953451498567823
15.870029740978113
14.9741650229686
14.541065738266967
14.399371389244294
14.194346183782537
14.050727376078523
13.810215415480137
13.611946511214812
13.575677102615597
13.487638980817508
13.469414189720675
13.34557278875407
13.335951767992615
13.308918495998915
13.084766191133655
12.476115477888682
12.180145328861277
11.9867430717525
11.982097505849987
10.510300672253955
8.615537753162883
8.120600165540313
7.9074725830356005
7.869923907145861
7.7855577545424195
7.618321409103056
7.1538834788470265
7.008393233075889
6.9805232924925305
6.899316646073958
6.651266965478812
6.5070965949940165
6.405649139575995
5.833688100896134
5.686273594200361
5.568746510772928
5.496364881970187
4.987886187377295
4.2783042841578
4.053671461580443
3.978531690987749
3.8403249425290573
3.653244244183386
3.646820399925305
3.1193451197758173
3.090913773056106
2.9762541213765017
2.881817051174853
2.23400429894096
2.1599962677840887
1.8867874643736395
1.8177346378630774
1.640347472305191
1.4949633574849517
1.3403503737267903
1.3365550654393108
0.8094635672674729
0.7204155913100224
0.4908287456248155
0.4323592682259705
0.42174685766693776
0.3173238037129031
0.16775449849049337
0.09559519545526961
0.049971392861840276
0.0031203915446528143
2.2798449386398425e-12
