3230.694144555081
2829.326760831821
1304.3940239656397
1191.7517060868345
954.4351490935608
893.5759452405518
824.3259772032629
673.1824668458958
625.5792514182684
616.0827160122665
592.5477859842005
499.4868240705292
377.2284549108834
351.3907021164381
350.2928528388536
318.2192241816088
313.1454571458054
311.90860880318655
287.6629371117708
287.36331921743476
278.3354644768283
266.17886040151063
262.3221857534409
247.84104061259657
236.48075680416048
186.26731053411308
172.80103051044048
160.9410380448646
160.8781161153573
152.79538538924186
151.40129591533486
144.73579954202907
143.85717643293725
143.15337398715644
138.8859726904532
137.33718197341778
134.5636755299632
132.66570279580893
131.0702610657255
130.52467692402186
129.90531760858758
128.1103651309089
114.46780186824734
110.99442251034667
100.9249209494711
93.82247433029826
93.25366458931524
89.891513808484
88.57440673537229
86.89898235235874
84.93431059812819
75.95699979964624
75.78422708702706
75.26882984175197
73.43814439163364
72.13694700839336
71.04166174740587
67.76945338992691
66.01744860420051
65.16997509347584
64.98233470671822
64.7897951866336
63.26493108089697
62.914943594760906
62.588140388250565
61.92674104439035
60.04820830909121
59.9458528539858
59.63915196495207
59.58039132690439
58.46534612193304
56.71172122467797
56.52897580375844
55.10457222266134
54.04991085204182
53.705245823413925
52.4733808895011
51.76710650561466
49.96327445583397
45.15380627948774
43.14381196648203
42.64532112117744
42.495486729742716
42.381485517903656
42.00169688975158
41.81462271444346
40.821363855832665
39.88483548211636
39.84696581296023
38.44101074231698
36.45052821767271
35.93710414408282
35.19919022803793
35.06067550021484
34.552742113357404
34.47219018670455
33.87821740132699
33.38383149447235
32.70893863383327
32.48186456615231
31.91807222590721
31.41803835941018
30.308470566386365
30.264492917775097
29.87838376659825
28.91359990385362
28.193881336121557
28.157463355153332
28.05108655017821
28.03064828484885
26.842429786892996
26.306894618164648
26.061861517087237
23.98802869644351
21.88895350277208
21.17370904017907
20.936638007319562
20.864452483303808
20.856722903302927
20.05209296599006
20.003045812769688
19.884667134552064
19.879189723207773
19.875610708264336
19.806627394146012
18.31483005984917
18.20457996768192
16.879303950976382
16.700225117545294
16.092514373738513
15.297048854263245
15.14160608634657
14.932235225857578
14.834694186575282
14.637443214205176
14.51630309863474
14.349025098552676
14.18243330254753
14.154666658535763
13.942462286997385
13.735137820952303
12.975432470283586
12.65280644042518
12.392073427093484
12.253817338533722
11.890837136849882
11.806965475852413
11.346693624508626
10.87627845376575
10.616438932100058
10.514529388862996
10.06245547160264
9.96848376270878
9.61900804055122
8.960493717723057
6.607969993778799
6.245108962089447
5.252568833254947
3.9761245998597934
3.903891360295732
3.0288272606879625
2.895672573279749
2.8816848874721197
2.84282198899529
2.4451935907245104
2.381800100460084
1.4330334048672466
0.9376717680205442
0.926932195074028
0.5635359535729657
0.5516865544171501
0.5272860122224076
0.3888178226209931
0.38585096997809587
0.08320617494133667
0.04425915673987368
8.70866055243628e-10
