3248.1889104803663
2889.5598732407675
1382.2520607375343
1161.7435534619922
969.4673040363236
966.1859804659447
905.5790505804986
694.6686851738101
680.9286147745196
638.419204017725
612.0535966968495
545.9058604447599
426.6391828428456
423.92752238298544
364.5935668893121
353.76650016818775
352.60798825725726
319.69602078663405
310.676012207784
301.365205131395
299.9839168374039
297.004795567248
271.88055074741305
264.93401166185544
262.54499288453457
250.39076476560356
234.05813642484566
219.34406369773473
206.00431617019646
192.81213126522658
186.31239571745746
177.48906461119827
173.13833333872745
171.7788628858131
171.49312732809184
168.1871478172419
164.36018570721973
160.05999668291602
156.8934762244861
150.38145586099807
145.60924724020796
126.8010843375468
114.61473402598817
111.49916682829614
111.41931849299125
109.90785970633426
102.49436287682826
102.16426396806693
97.44328894399075
97.00398437704364
96.83553052896389
95.71428477696917
94.01252195946039
91.72691226233314
89.6945228379418
89.47159759421847
88.47577639534508
86.06520564272199
85.62839366772174
82.96179572371517
81.89284065644857
81.08237537216127
70.85070594454564
69.32267438475154
67.97716787326846
66.6586067034268
63.97429679059817
63.931519429248716
62.962112390750264
62.543683133099606
61.14925040502781
59.37394801543842
59.1680891691039
55.684997714760776
54.96564424089912
54.88612464725618
52.37679048209823
52.24600895082192
51.398947184472895
51.116114390506986
47.85318454305285
47.59222455619611
47.343394108306434
45.64563539970324
44.52831377892131
42.10975144062534
41.66015936459316
41.64891888901185
41.258914003046335
39.99485772969066
39.81440299381868
39.64490958394136
39.502246181318256
38.25245570387445
37.99757166186995
37.93264242200495
36.68570202682004
36.19594691148588
34.24837647753566
33.0977697221552
33.00915194012676
32.8182741518394
32.7749236552325
32.31324187555829
30.983507190043895
29.521559434673836
29.13550614561052
27.6594562210054
23.621208494399745
23.57101665579474
22.21945305470143
21.619747645249422
20.91135397614552
20.29938455396066
19.998614440586746
19.74401877360829
19.509928534670152
19.334010187661246
19.178982997383113
18.565705699015663
18.45336212751823
18.10583441217721
17.898939155994608
17.638482169780755
17.382361818503703
16.89521587908656
16.813212261928683
16.72866501611549
16.610318284546672
16.598276201697242
15.772754215152768
13.683520048634323
13.563301945612727
13.472459098463188
12.93728532624247
12.501332444342074
12.147643857768823
12.133131272012513
12.070967893943374
11.332183729028765
10.69133331823581
10.482734881518644
10.330599926489196
10.254659995798404
10.234334844085247
9.386739320337817
8.833614666680532
8.739760374128902
8.280802136836526
8.037518937668581
7.4629552877068415
7.456516550778206
7.300403299647655
6.591602083068077
5.558172726491436
5.544684539180418
4.465943749540606
4.366933914976558
4.362102040741392
4.27891148912118
4.028507656201878
3.6611827120857
3.6140679122837054
3.603834392625407
3.5458881300027496
2.638106191258655
2.1387345142883816
2.1006579113218597
0.8487439894299519
0.7179011193289001
0.34081159407164807
0.23930535879381992
0.14231318971061216
0.13038012210610325
0.021467226094476186
0.005683950057517212
0.004290356557255596
0.0027208815464695875
2.255391519144735e-09
