3038.1808697162264
2707.5247048610922
1217.9362546090783
1104.642114837752
918.62232421857
892.4446067220664
814.1220253811643
646.451197496965
605.117545616133
540.3590588491562
508.40864044382755
473.32355774508153
385.1859080038225
354.9539183763846
323.45651680774284
301.3834351130511
295.18258859356405
291.486877880245
288.8070615539707
275.13045141042795
272.5527190177153
272.3610799456553
260.8743821989932
259.47536148434483
251.146442406235
249.24234919679463
229.15665951057724
224.79525337740415
201.21418666763893
169.41870698524792
167.32510864603645
167.12519337665705
159.5379264785529
154.34835923231867
149.0444048703089
148.40565250406334
145.33359622067508
136.13303009253147
134.40330963801568
131.95172546655223
129.21020979036248
118.44899938205756
116.3306817645168
115.1051239019397
114.01280872964773
98.41047916226532
97.31519332382864
92.93694022189467
92.79066115189691
91.43269932053984
91.09238420282433
89.58137034253686
88.81726098000593
86.81453884533822
86.42793209224156
78.59723202361063
77.84006745875173
77.36632676139973
70.28421740920831
68.88276200133912
67.93392129895358
67.67416090581877
65.2455514909999
64.39260743287018
61.98919900133061
61.678227117664754
60.910635769401765
59.82274342771076
56.58636234440767
54.138658601586165
53.317504733450015
51.31297866862173
50.52524373631685
49.50333156108583
47.84924687787205
47.03054544250612
45.93042839908548
41.095855262647774
40.7082089513227
40.13155962842049
39.32064459842075
39.280277276181444
39.11547329869029
38.88197928980136
38.57278803405797
38.401453801319
37.92026544303853
37.5517185102798
37.02061437392527
36.627718119320505
35.63688008144
34.580774456141626
33.01123483194309
32.05609382991206
31.681221517609742
31.24573585816706
30.347186193517942
30.337908638159576
28.45698252828139
28.203326915055236
27.65260533661047
26.66721287542412
26.169674020338466
25.890922656504454
25.680700111425992
25.38549603883246
24.446465764543515
23.82017389273859
23.755719862269682
22.672849860031317
22.440720745317595
20.083698631923767
20.002553015838316
19.85204086156571
18.60139069875749
18.469155834871806
18.125103494322833
17.472342310660977
17.301697104537123
17.2682866520308
16.476784209871894
16.292333771229938
13.83586165135716
13.807547102590167
13.542125387097057
13.282105685876159
12.514894338331317
12.301670184100393
12.22516112194766
11.847249469106263
11.38209288972334
11.109816346723326
10.960728281806656
10.090461539155918
9.946527268091803
9.75621941774999
9.750863897269163
9.532252570838931
9.08075561430451
8.972284792398428
8.82795669504668
8.687063924532637
8.25830223473092
8.255197404268992
8.019891558208398
7.394807545123641
7.252391417839977
7.186135713783316
6.974444404068711
6.639725571636101
6.55601365132852
6.245440986034436
5.635670097059985
4.924487629687456
4.675048250036023
3.979804650577013
3.6745112756217293
2.133337605477662
1.1582883735489464
0.7997039163963202
0.761275843507752
0.6145977538358955
0.6112937826513748
0.5085609891542932
0.49728620757518394
0.3893808684933554
0.32407868546874613
0.2528487167330409
0.23645191498531787
0.20934620633471274
0.12857592971122053
0.016463102580506414
3.9486835382554915e-09
