3374.0728891103267
3042.9316914695914
1345.1887762800309
1165.215901950412
1040.1085097758125
1038.227254607372
955.8530407298209
755.5824358584224
702.8062512652278
661.3936419951401
576.4358874313267
516.8877641971906
411.2246128937566
395.259562716244
346.75914309334803
343.53036004954004
322.5022836818439
318.1660542476066
309.3295803612381
304.9406746409174
288.7477917621717
287.66938864680725
283.8254790562599
273.4524328162736
253.10294618376625
250.17093115097092
212.87806380985103
193.3834826276845
192.39108827751065
183.07482298723704
174.86274122625755
173.49563439919075
170.0566582917344
162.79014956759693
158.43147402089915
158.04541527627472
156.94468765658266
137.11216187710983
134.37524342842815
132.16677131334865
131.00747569051376
129.64488622335392
128.45992361002743
125.665968769248
116.79393666393884
102.46901829865001
101.82432793385104
101.55459038950484
100.7207777095515
99.67981742948463
97.69656991702065
93.94347989829896
91.0595874957893
90.16135659482761
89.3598003314612
87.31488653055592
85.33498793397659
83.86146580222784
80.89057559314999
79.81346847485145
79.72185514230146
71.37813247323575
70.7664493447326
70.54624128164558
68.77105185374761
66.22171685627525
64.39430557379929
61.342576621539585
61.14291731646704
59.87132756761605
59.56864711697357
58.92445998820281
58.29803331895203
56.34954024217534
53.872138602610974
51.66175308965742
51.24586289380123
49.45519759102051
48.738918231592464
45.403558629489254
44.927969536761665
44.31884972099499
43.92458061968748
43.47556751897975
43.337751756244714
41.86553187458642
41.536128564109944
41.3765745339885
40.39346464974241
39.86192381365559
39.67173404830663
38.33879399814541
37.227468056261365
36.82752511946285
35.76635758945209
35.29968758269989
33.95471572908494
33.113379727210656
33.07502914595606
32.977324628390946
32.7527082806857
31.64274970469668
31.168687014714994
30.6463562101929
30.500675406487645
27.897527262810584
27.584566219594397
26.46701513292246
26.271716401770547
25.98950829565145
25.935739114137345
25.5447171322697
25.37918613715898
25.085188098367176
24.828931259256983
24.657425905866994
24.48187683853619
24.43939329837851
23.962083167492878
23.655919515802324
23.416094331404324
23.26878955348551
23.212656812746257
21.069030807523166
21.06442613824549
19.99342415777761
19.939740252046747
19.58310897395948
19.12114885673682
18.543290370750636
18.471353980477264
18.361728337598777
17.34327488793753
16.896483365526603
16.08731100225496
15.949723835941843
15.130593143878295
14.95264129841755
14.512242037943498
14.461608226025799
13.677490311305796
13.431073939385449
13.025059935643105
12.962378501441139
12.70368338687308
12.572183130113826
12.34333029303681
12.246953461672408
12.130146228892144
11.822843647445023
11.790849322527112
11.692821691604944
10.69353328326602
10.514876485096382
10.12473010884037
9.961783812983896
9.665447417392814
8.242420243510516
7.97015484122381
7.661403321981078
6.309485091889078
6.108086272837514
5.972670189399693
5.92937925229347
5.831626825709728
5.8147348814751645
5.617890743732058
4.913608709296961
3.6121321194757128
3.3468173049360854
3.3069984247095108
3.2456991543211147
3.177026663671413
3.0902449214065673
3.0352266905185186
2.9000336085620724
2.6406105190634324
2.2090992011210857
1.5978023505743444
1.4240685274778668
1.1995700757325722
0.9199341931329797
0.7357503387246639
0.643669822049734
0.4613065436560339
0.3396157387777173
0.3112457831428257
0.26890022080230225
0.1447432562246205
0.1296018610233776
0.10671760995692767
0.0
