3467.1809861239494
3281.0106782474863
1512.9703792754312
1294.6157621518723
1099.4464311922518
1081.7340271273351
1050.2648350587806
760.7083877780987
737.4453374251717
736.265979162028
637.2743534575203
547.855237935633
445.1379684973296
444.1666385353269
392.75403311626724
378.82530345097274
346.1852961874263
345.3283655652198
331.9348167040919
330.64608876084156
329.39762926696307
328.53449161754844
302.1508380723455
282.53936140588974
278.8124681761414
276.29510863580936
274.20700811546135
265.77112630288815
230.4217194106241
227.04533510688765
226.38354889909255
219.7415027146107
190.09574580579797
179.47631313971402
174.38823947959932
166.28801258936176
165.65277276297314
161.15545459686874
159.3025577007459
158.53483192165288
154.13342110799965
135.08912717595058
134.1652591398229
131.71508573833435
119.4793969283286
118.15807974732319
106.93974846108736
106.58881390694833
105.90232350521724
105.77971804039437
104.3706616224198
103.42625746016006
102.70132679504262
101.92277898783192
100.21988142320123
95.81857995058725
93.02583103212508
86.97118615326146
79.81486959851237
78.76137713884066
78.33999699088908
76.61279775688665
74.77520504615315
73.60404982003793
73.12042892159292
71.40165056884065
70.21147675981776
69.0709035974204
63.82367855697906
63.747780595804834
59.12151090807399
58.32184808477394
57.55298522714557
52.625195281147946
51.804005980859294
51.45518429754767
50.17115424094818
49.51132750132081
47.38794067532371
47.35841020260927
45.2403522378036
44.31672974220507
43.9256286628245
43.91196195994313
42.46166485721915
41.9083014635704
41.29298275344377
41.18984343330266
40.18702416686204
38.663144731701315
37.85274191566483
37.76062525155991
37.46030854219409
37.3362519371292
36.163680957235286
36.036364684377
35.12564991150031
34.359530755154026
33.29485314902288
30.72854928181474
29.90266239114963
29.4702879071022
27.449770526020647
27.119883509199813
25.577743690517753
25.497284299787147
25.23480866510894
24.191809513578978
24.064312833414
23.15025326493601
22.836402930391905
21.697072863191448
20.782288048458447
20.52590616488216
20.324677519767295
19.386594997461522
19.057893863762988
19.044792557473407
18.581855407659305
18.522575255877804
18.351091565540322
17.530101944067717
17.336284746260485
16.91468532793151
16.823938714157638
16.712166248967158
16.11991117311633
14.6002279004686
14.528168735112823
14.487031333153134
13.679132733635841
13.60228827514747
13.318504036028003
12.63434113705661
11.896389602051928
9.788178085436824
9.517848871894913
8.509382799063578
7.468884977148999
6.691219855996926
6.373635795309857
5.8462753312423565
4.952068797216601
4.0675155898118005
3.585945388234954
2.498523151948524
2.4553594532676613
1.9636690685234932
1.2406817725237518
1.213500067798321
1.1532753586052382
0.382349645476749
0.13340982670354282
0.12483018072770195
0.11909440100950372
0.11834775505837
0.021702347358258996
0.0012003740333197848
0.0
