3192.446482812569
2945.104786122938
1358.2848069371328
1098.6554538341359
984.8167593475026
928.9428202084034
825.3001271426194
738.9677389021541
658.7801576237081
640.1277582135131
552.6620817350473
453.4681178678325
403.89230061963144
402.61670580082927
366.08744277213236
359.5239780821078
335.23865421406475
334.06193532580045
315.7539142853609
305.31604718919147
289.6639391588601
276.92045322393506
275.8391613541048
272.4362372939184
263.79090207360065
247.98326162607393
233.30244384804362
219.0907297842416
212.6306881921018
207.19824208730728
193.98189618447597
193.71149168974515
172.18297242536622
170.4793987667499
148.24034689228645
147.24284125104757
145.8792002335223
143.0821138402907
140.48286638651416
140.02768161704714
135.59221144757612
135.1675300349085
134.529799399937
131.9313313613786
120.87539035876814
116.32864839945418
111.23389823561259
110.38751910297373
108.36128514478939
104.12733351970036
100.46307831590637
96.77388420951884
94.80980958285024
93.65217637352255
93.53453480971838
87.46108605307761
85.22378070740709
84.90315271108534
75.88980630526342
72.4652454947092
70.1857204408378
70.06603381344293
69.90913349578587
68.96281214545994
66.68143602734202
64.10275975968058
63.70233478707752
61.5857634338262
60.83748025935515
58.11794913893162
55.861122832957285
55.60877998788312
55.36518024447668
53.17134305867925
52.094297202380396
46.05939139219406
45.49813528514245
45.39537096052926
44.54839984705071
44.04433452141464
43.312134958966055
42.03287388873575
41.7979158624207
40.55933350342557
40.44635129534564
40.14590029596551
39.643671166293004
39.2319385876703
38.37613900563695
37.21098628600378
36.05121394854015
35.574436433725666
33.76126158217513
32.85341402025586
32.59188582593529
32.36962048789437
32.150352140665476
31.86823329379894
31.726774976016355
31.20947335297758
31.145519184453523
30.757244248226076
30.096839283784092
29.86317493662487
29.523625567307427
27.676930526202728
27.103260065958185
26.645955548666556
25.68923279257172
25.485780964567365
25.373203914850748
24.450494826879606
24.37004588777748
24.114566820532033
24.022145647977478
22.47151161678907
22.36335966501022
22.150296712606544
21.20272440484455
20.779816212181608
20.34938268794632
19.955992868314787
19.488337712411568
18.502737670197693
18.043542736642923
17.99415638160248
17.681662611641283
17.673000351750137
17.431017073534182
17.259593949569343
17.162915461181903
17.072889426001584
15.41932226833715
14.49640678326993
14.246527735883978
13.180580081507056
11.845476727978202
11.766470147945473
11.369774682005955
11.142796304638567
10.600883677646657
10.055254526953165
9.162642172862919
9.134988702339687
8.566535540276355
7.951274360230619
7.050141989382824
7.0098896962575745
6.84249448003756
6.0549975895423875
5.267389964138484
5.027971544563799
4.334305594490353
3.411821281070608
2.2168756349078236
1.9145817313203348
1.7797277236624685
1.6932416232795944
1.674626616065121
1.3757180384694425
1.3167034484079254
0.6347447833876096
0.33703637161441924
0.16577419486562897
0.1448745556862922
0.04442952319468353
1.970707520157801e-11
