3454.200269910204
3102.4755615800127
1451.3956118981
1304.2722315358822
1076.7554752875892
1001.8761224171155
998.2555182463221
747.0426379479809
739.4856681302729
708.2576538102998
668.583388765521
520.4877928359009
425.3403148507225
404.6058553550559
390.39958156017826
345.38419858699933
342.72622702162255
334.7805964271909
333.9181472846674
320.5997587992446
317.87476232199964
295.55372966720415
289.4046317333039
270.76606386678014
264.79748025668675
261.7467615847938
227.3519641240397
217.75263649536146
204.67811314861487
203.29880663155134
201.33140101366138
189.06593462455044
180.39175876233148
175.42664150363845
172.41055230097686
167.2023452365187
160.72215987539565
160.1615292533879
159.26138646504552
155.8613873346759
134.71363868487418
131.21526049810822
130.33970864419183
122.70260883941297
118.98348393910199
118.69922864713375
117.40444718436427
116.73463834341091
114.83031978829659
113.18867602338261
112.42358270989808
111.4494804826101
109.81828692386453
109.2175475964333
101.19979066852186
100.51443812950629
92.46169024869764
87.87859212298883
83.59962912254377
81.39700550470323
77.27531953510345
74.99738397337983
74.29759667655915
73.66061004861979
73.26605429205559
72.32051844720026
67.62765125661076
65.41982483200425
64.86273300653723
63.35382590528608
62.95109006192189
62.75281699153488
61.71112116885595
59.79180247332022
59.471647601093416
57.98895371608988
57.140019214396254
53.47300898819672
52.74664395269605
50.1548805928621
47.2946268792953
46.42267429168061
44.58022650135623
44.48191121350212
43.55522222237807
43.015978373451304
41.915913932488316
41.83629395493445
41.74445415234215
40.221377602044605
39.87601991577027
39.50139713438004
37.56148028888367
36.07005007297915
35.266227673729716
32.85297168950528
32.570308772358295
32.31217301893506
32.13053417090939
31.68175326794016
31.082555739419274
30.437647120945744
29.840485232424182
29.511894517665546
29.2533528457048
28.435044850584045
27.035801323631766
26.71136494925662
26.5601746338844
26.165393951732984
25.05708284151234
24.00141414391826
23.552198621016885
23.403717480093405
22.29662488158585
21.606641662038964
21.339243553683527
21.138566859915645
20.9156798680648
20.904517018459856
20.86584765887729
20.515924258741695
20.179335059052804
19.74243438632021
18.87020567950869
18.76926358647761
17.925234937596088
17.217130735358026
17.142959941412986
16.832082873710036
16.461857164877944
14.374358247761702
14.172873437928097
13.990885815538395
13.9265783091984
13.880175614239256
13.557779846651247
12.99139502293676
12.07560573354754
11.854490617578225
11.714485943865395
10.553323041913599
10.173208618766386
9.508538617334247
9.441942480312015
9.226468527329184
9.129644173861001
8.837265636033957
8.215464021275832
8.00005454971247
7.977400956559278
7.756706651265082
7.397971042887443
7.282504227733915
7.259855646203501
6.559300676433292
6.114298997428744
4.417231390687463
3.7058195548660122
3.3392556152957984
3.2692773629470766
2.7638104777361403
2.471013865321053
2.1228147275714115
2.000040997689876
1.8797465020353288
1.3065269009898428
1.2158839049323227
1.1789547673151612
1.161457687232146
0.744958284744488
0.677486000435855
0.6725308875371595
0.44709891971828425
0.3513529702439066
0.311515022350645
0.200658378597493
0.1473415508588227
0.013144678086997352
3.770487907202979e-10
