3507.0232283313358
3054.555303365621
1367.6992587979637
1217.7977283132532
1079.9369465416162
1047.4578823131844
1028.1796119965613
791.2382820017518
688.84039532122
686.3407546865004
567.161379195542
495.88064497819056
410.03753667633504
390.54102332950873
380.25282130666966
377.8866147006005
376.9760810699296
358.10004549554543
347.79598282323116
340.26581787535156
330.7707126705788
318.8357574670361
306.63129416374755
294.3435133530992
294.2185544177115
289.1006014850185
253.47136751190502
244.49062703056524
210.14225390014735
209.7013368483305
203.81768495150445
199.64719122517403
180.3958432139273
175.61960700388732
171.61231417129184
170.3717720924616
168.8664176547334
166.54894033715354
165.931426139505
159.4893170722711
150.83498531116612
143.9911855282207
139.5434948938434
137.7864094564479
137.3795620604661
123.5170550364463
118.68399637031935
113.20407208995434
101.60111829656633
100.8621522033041
99.35282342904092
97.39909156596539
94.34919437875132
93.62730501854968
93.62464204260168
92.30166496672888
91.04989770315564
89.05171276823147
88.36285144273317
87.84323415040885
86.11680684926306
85.35351804297028
84.98148750872096
84.14254121220826
81.68110862939184
79.29206841849917
75.32465993764109
75.02861722455444
72.81104781034361
72.05066808163332
71.64078465834108
68.17020376785577
64.50946002716145
64.14043961752894
63.08894721641807
61.319734487043924
58.85938857302476
58.75595207533763
58.511027800509225
57.46283398327612
57.338477124333814
57.333527718365616
53.9955295807785
51.76708893205855
51.2458874751919
50.84843968598179
49.45455172729416
46.94152168333902
45.7423545314931
45.5315048171674
44.51782696230691
41.893678620268616
41.64297384982714
41.62603110129635
39.09031858236691
38.71058599646682
38.31144031079821
36.670508781983195
36.27390951066027
34.611420489108085
33.864478120730844
33.81393632973642
33.5052468408312
31.60846066644694
31.29342193555034
30.858454710030465
29.859356969179263
28.74266225838832
28.253069061300156
28.035956917991108
27.620179776449916
27.33196948743203
27.113749319216808
26.965464224667787
26.078751326953796
25.83725319869715
25.580092001446776
24.437504823606623
24.33423101885192
23.956469749867413
23.458804696562996
22.94941854397754
22.506928492103
22.4904602113373
21.775349847038843
20.906129410628715
20.336226175072255
20.314395652973495
19.977808072803903
19.920128300192545
18.845249448910412
18.698450237808622
18.566088713903092
18.560481017468497
18.38786821704928
17.761226104715913
17.629010437563483
17.587787240765522
17.136571000995616
17.087094366811787
16.90681028238103
16.58934033330413
16.07623892634966
15.013706255318274
14.827462937844691
14.748865202851636
14.540961711915966
14.500487938120942
14.50043458360418
13.644202528762685
13.425339996106409
13.33962016510667
13.271991738063157
13.191163825456622
12.994225729021064
12.955599256914855
12.68666743946854
12.555191379716142
12.17808701344473
11.81940637399998
11.26712595365334
11.035244218878391
10.770768456895347
10.701422028747679
10.380103724883089
10.188059931659625
9.928822175999205
9.784004352787678
9.677803712217571
9.475573927301486
9.34490156846673
8.897234922134079
8.885630574715993
8.868596271827618
8.771673021746677
8.680098777030251
8.588181266381673
8.438063254028311
7.101946678382297
4.582738966387701
4.497792280929843
3.723053500694536
3.7125113797053855
3.182597487675936
2.6103888430477027
2.405714837548883
2.1354194726207467
1.634919198001021
1.50349686129318
1.3873720699270977
0.979884207574887
0.663314819385522
0.5095631604411585
0.4709314270690697
0.4569114916920752
0.41000339565487465
0.3507354572973366
0.14922828647464598
0.12118646342353318
0.07223144767068976
2.111549767077846e-09
