3582.812274244446
3180.553510973366
1455.4431302428716
1290.8911175798955
1098.4357530167108
1024.6096570528284
995.8253255057971
814.523503663446
746.4884476182465
707.6385505507152
698.3413152988035
646.919548353435
402.0155119160492
396.67357865916676
380.91377157882255
377.93165687825166
358.1618814895461
342.18793645374467
334.0624098407483
330.0977942220605
326.7400602184341
311.4415123387795
308.66014958068416
304.5668490767772
300.4803947093456
295.90053148084667
229.49659397320184
207.98845654600305
207.7848027834107
197.91558164369505
184.63902910007718
177.22098709548604
176.71705997713408
175.48378956109272
165.15154464296506
162.15819813704357
160.15885828942066
158.56015997507745
148.1157785664816
142.8137551861086
140.68506232387952
139.0601831477091
129.95585328358158
129.62626709935014
125.36047686326698
121.84137315918544
119.93671514549932
119.61581177757645
113.18170331634033
107.74763400353255
103.37409446754235
98.12639067102248
96.854652266701
93.72511353920115
93.2470767389748
91.54425277619578
89.9735309778442
89.45853899288372
84.24692307009103
82.70064316162876
79.62831089745093
75.5240810999483
70.67468139204463
69.81172084754702
69.41792848590443
68.81645464099525
68.43020605420269
68.40326410571274
67.9956497587629
67.53464655027433
65.79548351907584
63.713517989127745
61.69077805917789
61.506523785217055
59.97489233115705
56.47469607383723
56.39174013874887
55.32572307601247
52.82071791227943
50.34881616688923
49.91606987918875
44.77472881787175
44.56685531583396
44.119565741016615
40.75887829210086
38.319576515019655
38.013607969774434
37.46169557255404
34.73016915692714
34.601013064289255
33.13915884066729
32.78845441504275
31.558423668394056
31.017783130008063
30.371267456312882
30.020878704089462
28.001709115443713
27.36006512331481
26.96485177563453
26.24797934014728
25.759172775140087
25.746411230122515
24.21315114248455
23.40137992871828
22.497892782485028
21.89555073574698
21.219190502951747
20.86931289434393
19.871378449185965
19.8500800810387
19.78685936250693
18.219121059372686
17.820555506738526
17.752534483187986
17.48263530416838
17.358168146051483
16.951542637710727
16.94860998845661
16.504707358781648
16.461275430412904
16.188857645196148
16.08595646463569
15.942259577815536
15.617679168775604
15.558048305210896
15.264277353990009
14.649028619637264
14.432972011112696
14.310517758868524
14.059619450836674
13.605744210907606
12.161638294041692
11.916859283528826
11.666284991921664
11.632781149110404
11.460285815853208
11.211947270129835
11.15566364200086
9.784302557773412
8.882396214764283
7.619053289660839
7.105256476454297
6.952461470609361
6.3353705576206
6.129330446737738
5.222763510915602
4.7988818416652075
3.3781549444172883
2.757429479541266
2.7015294742660116
2.3046550638997565
1.8737243786246982
1.6917011055535833
1.5664883390058075
1.1328488778092682
0.16859078167850539
0.10083664867141452
0.0
