3033.179008299757
2626.667727643192
1217.1788635300431
1013.9508822996887
880.3321423276324
824.0528516298699
817.6837103158815
671.3613402453811
594.3407116906022
587.645862887597
578.5130337503482
548.6351253871925
365.6958424198403
348.11285571361265
326.14383362260793
322.1228218987377
313.0083651950589
280.4218550342329
277.8171468833237
266.610493533714
251.5089911300454
249.62981783091604
245.04394372501793
226.9631062462229
223.7698926460068
212.8076758250729
197.784528286997
191.5563136593609
188.37330967712367
186.94136549290903
163.724291359975
163.40842789140905
158.30566747225015
153.6451777223641
151.71263236707958
143.52684259164604
142.5116988332609
137.87944266081877
136.12456333597814
121.15819163904483
116.34102010169424
115.3737700442867
111.23003555120577
109.69029978990685
105.75488164762561
104.68868232641515
97.20487746359679
96.06896977780583
94.1035931438429
92.26200065232689
91.30202076660282
91.03197768052334
88.2909139567677
87.66690315815487
87.00311586600304
83.27254641703
79.03886991729547
78.09512967953091
75.84281825266407
73.6753704147981
70.12960952593917
70.05672670411806
67.90277458013985
62.58414894230203
59.78543287027391
59.379417334297614
59.12844715404479
59.10812123070271
59.01164077014317
58.87574713118254
55.51410833045252
52.070995339589075
51.36861384163376
47.39707260364288
44.51840055272771
42.73873092903408
42.11714105498577
41.60665613373137
40.13312391959101
38.824216223335966
38.68412455202534
38.59540103778491
38.32907260149711
38.30496461170053
38.24663015997326
37.777182135347246
36.76846531469015
36.721722507176956
36.43351383382833
35.91273870971357
31.787477944257308
31.727693081675245
31.26051166480342
30.917630353876106
30.72688547100635
30.393203892333272
30.372020954893266
29.89657855236301
29.188087842826956
28.48104302834698
28.1403860588695
26.34226619859068
24.327743514812443
24.149957956296703
22.38674706439453
22.25863994901623
21.39565385583881
19.891302491910746
19.49425631771674
19.39662152591604
19.05011187759524
18.887341326325426
18.60882670203642
18.251140660940116
18.207987973203767
17.66328153523119
17.349816914176635
16.919288548543378
16.504531682502687
15.931387607925904
15.495671262191586
15.457078193876368
15.392102630336927
15.388252447801438
14.280148089074983
14.176404809718077
14.052598558783934
13.703846751133606
13.570173295828225
13.33912667849477
13.26579873673434
12.992490549765112
12.186525119558516
12.097122181619861
12.042448682019495
11.891515741427922
11.6269402390702
11.132629333173089
10.99606208397931
10.79476494540098
10.760819026216877
10.750225436692006
10.18548938076044
9.775906123480663
9.695078842782186
9.618646429738707
9.48697496236175
9.302768625456961
9.298127102923731
9.189152660447107
8.977396595637531
8.606180599284162
8.068530174509087
8.006180246419376
7.841921805827852
7.718452441258988
6.906419412311049
6.229496840877138
6.046019758897123
4.691353532387862
4.5964655248463755
4.294161662961851
4.282002404266287
4.034847650387411
3.683989521777155
3.533710541819455
3.3691244617022496
2.859921067688583
2.7767762132313445
2.2819797684474263
1.4031410782227147
1.3636582587652197
1.1696527721116883
0.9363458457400572
0.2670254819045599
0.16308057302672763
0.04938574977280213
0.02995971499308574
0.004889204373528208
0.00027042576899129027
2.837521154808678e-09
