3259.5255860556094
3095.4730428259068
1337.1545106128492
1193.3689683362404
1030.6904802244346
1002.8931720072579
830.9117023058568
757.9451093222237
673.5493382935455
672.6955773417643
593.5016888594212
583.8759448677384
380.7145174059363
377.9287491162784
342.3593211180897
330.56450935382446
326.372736113779
320.5135946978454
319.8009418397806
316.92314650568835
313.98762090848743
313.5416870884754
291.46088866980466
266.62996034971354
256.4960809839122
239.38392148627085
229.8448366454854
197.8153962329948
194.13526277505775
191.94053011431407
182.41361568391272
176.2022372909954
173.5757150872685
171.29154287196155
163.57026295597595
157.5034082229599
145.9862920581343
139.0265383722259
129.19912512400333
127.41922046138608
125.85538737779908
124.0618349471517
120.76358472881299
115.27237143443499
112.3190802926032
110.24789387366046
108.65167643679754
106.7187257135347
102.2900937670957
102.05736753671522
100.06718153898272
97.92803941577564
96.11270921095127
86.64743857824513
83.7303568931186
82.91715144119856
78.40373223422687
78.21478249509384
77.00850505495042
76.3322685989097
75.18895879453511
75.18645592942569
73.40564894475465
70.05371520542266
69.43556200246005
69.3208984011087
67.5732066914707
67.41675583385377
64.9876490018169
60.845747383508126
58.753560332795445
58.557704324411425
56.646466767412974
55.66108039977038
53.71425641688992
51.30321950422637
49.52076653999658
49.25605916150577
49.07847770068587
48.708077611764466
48.61945005359342
46.48220214403489
43.57896145467713
43.383591085182445
43.34410689708504
39.42814148146888
39.11833067983962
36.677449310260286
36.61116128788093
35.84329495941142
33.93553265016329
33.84882599035836
32.96707305624556
31.666460810685788
30.054757551955305
29.785063386723504
29.60842212884786
29.04276684226629
28.820258669992363
28.5643481220205
28.211735191393615
28.07111802530845
27.167459868248795
26.217781933971082
25.977538052899526
25.37033196751684
25.306330556219912
24.880174701453527
24.515462177284135
23.605467311533904
23.454452014192764
23.089371322763288
21.22639651631989
18.98468891054388
18.386958163121374
18.020519792667937
17.883796398927114
17.876935435372175
17.540762768806673
17.21925276067502
17.107838840087208
17.000865063128963
15.50394992544689
15.37243222167492
15.175236892470556
14.442531265875326
14.422210326430596
14.411910314222085
13.682572464012114
13.583739776900073
13.570508608037887
13.220299593004917
13.212213630160166
12.996149594792023
12.935523573612032
12.873810490620116
12.33644795282722
12.31137758108968
11.835446222647032
11.807858640754693
11.32100903734663
11.202263965774856
10.945883227998241
10.909251587485729
10.677818724856383
10.578302491387538
9.617659614295155
9.584993155059752
9.029074835579383
8.328665503249393
6.607896545592421
5.82004481292182
5.677216403235369
5.5098689767313935
4.997229085278102
4.409259431915961
4.30539598466047
3.821761876799836
3.732247080815668
3.709192287629145
3.276067005861834
3.2091240276104918
2.9852689637102827
2.5906321013147418
2.166565212158799
1.1942433864279625
1.0969400603076753
0.33579817208728985
0.1728283110621321
0.13080111217622928
0.10167284941947986
9.78451744304823e-10
