3080.3030777251843
2696.55364007177
1255.4572944985637
1116.0554537047951
984.3723326150614
894.7989362884936
859.8493187732217
667.7015453894811
641.8832373178466
577.2544217748097
528.9091409877235
376.03731387648133
373.68893292349765
351.6025828263061
311.30585540504876
302.52831306425037
294.1439825631034
285.9294356147544
283.5712533941049
280.4243231992448
277.56616037901006
276.34474806663764
266.7709792001492
259.30581591914313
246.26792894072156
203.72719572463566
197.69428487872716
189.98697303142342
181.86914958977704
166.24863646913786
165.33535149888198
155.04602514605804
153.02337112664932
145.39016257951593
132.03250228415516
130.1717121950073
125.63234359746635
118.57590091408845
117.60999683011475
116.66605920891122
114.22245743124088
107.27739432062032
107.00175193284755
105.68696383335293
102.09161942584635
99.24516711154885
96.3368808659697
94.27766777062712
91.64611689602303
85.62400565372991
81.36280960396492
77.81516245218614
77.41038560194825
77.09900429736855
74.88055824753202
74.72642533075708
74.63022967464963
71.01204965296591
70.16100581525276
65.7283244580022
62.018502896351436
60.58675107487841
59.46587194732134
59.15754174877682
57.38900556917781
56.4397367397333
55.184268657991616
51.16028733200296
50.214801531458306
50.166175077316055
47.40192363466107
47.25566761030834
47.242124897016645
45.9921519116142
44.70260591212651
42.6926276404764
42.294749223688186
41.56005344567525
41.20662946326828
40.79131138767683
39.47102428828829
39.07350453398195
38.20969187195885
35.611655541218
35.19155842346089
35.01740345672139
34.36135766843946
33.28477175540475
32.19297235971084
31.318618268724556
29.929840052985245
29.652935995868514
29.58913853031922
29.430163432338347
27.087522544691634
26.867092272166236
26.617301057791842
26.57468659280797
25.735472518149503
24.699668373040947
24.592264963290592
24.221428631454376
21.393416183479328
21.329322680473688
20.87285165001071
20.256460653466284
20.17042789017884
18.74265528661194
18.464220449091158
18.45424358266233
17.917790480978038
17.678508263654766
17.331670348249624
16.694702166966884
16.345290913902573
16.233950278393635
16.04663683200043
14.580536648821445
14.53324034146604
14.460577097335525
14.330277545131418
14.195848010261091
13.792587435870445
13.25951598717064
12.674434064985098
12.614013001877227
12.56050064081419
12.532098461737103
12.162991965011926
12.035563792334651
12.035168468849696
11.748969021411781
11.725133764674796
11.171201843885639
10.761067274026805
10.54937839569303
10.443152141392085
10.133646233011763
9.97503372622708
8.853357579554887
8.79385501157589
8.416091254780854
8.069690941383199
8.046315844923434
7.986482775752125
7.96991799334192
7.665033976196926
7.607892889758105
7.60789288970418
6.772646285237492
6.720235001003239
5.620952753847323
5.095462153279787
4.819956391023016
3.7532991612784015
3.3214686849308257
3.0797072612478953
3.0444436549489664
3.0043656356569706
2.3990844076635094
2.15945893000942
2.145491031045191
1.9355272595376334
1.8819364676204595
1.0449829121168537
1.0305628622507044
0.9085502099300831
0.8701796630625681
0.8426835638918484
0.8270322278302423
0.3669619245417826
0.298192839257657
0.15383437381068524
0.07271818609363263
0.035657105022011845
0.007221912321291814
0.0034853082017145777
0.0010426465114151387
0.0009773779104824082
0.0009762900379375707
0.0008035411765465996
0.000783741909821199
0.00039944969442625686
4.02364493761063e-11
