3256.128899611231
2916.7315197190346
1412.3575214837736
1111.6619348454997
1027.9155366725633
967.5125683121482
918.5778719196421
762.6378299742516
701.5865922457616
650.5202911477611
591.6183210672516
587.3476851591136
420.5605607038453
355.29113378750566
350.24219690457625
340.1252337149032
334.76671482454066
318.57506210130856
309.7707932681031
304.45794750908414
297.2162043246242
291.3940367399757
283.26783248763445
280.14030507679905
246.1045834569009
224.35921590831327
204.59648980506822
190.88875838976537
184.78980930532336
184.63747909333227
180.185502245658
174.23736229983416
173.3139495616702
168.24160392157808
166.1019097515033
164.2232025136427
163.16531925935877
157.47220979068473
149.18521171448788
145.77350075660706
145.29318615205923
144.59048773614575
138.71462009327308
137.4263403162227
133.08152172617636
129.73191047082932
113.19772600730866
107.70414348865269
107.25500658306855
103.78934005166677
93.1717601039375
92.62843122955591
88.46193609234993
86.91690124185638
86.03032856948545
85.94500240228629
84.95262903781742
84.77071802424854
82.78203008724925
82.36630520582848
80.1506239049339
78.4477998185915
78.2636255873922
78.11555764332391
76.29513313491645
74.80968080551163
67.23995731041097
66.746635034469
66.61882539037695
64.75859923481846
64.66066685479713
64.41242998626393
63.768651681236584
63.137751822571055
61.369520760295615
61.11904764269555
60.62616895847322
57.096059321992044
56.88747452964549
55.575924399232086
55.113624892829016
54.04176073479809
53.97940701570942
49.31416634476627
44.837928923775145
43.876147221938005
42.853249819531
41.57049192886357
41.19267012555636
40.356367564374345
40.096951973062275
39.326716448293226
37.60087235170472
36.93136088707245
36.7566708278614
36.63095635320413
36.323781060673724
36.19751240555135
35.96772514681447
35.333497320598504
34.128873609514194
33.66757933684692
33.47536868534368
30.621926050358645
30.19655374631725
30.155080319551658
30.127349584602058
29.578551115606796
28.14311965842675
27.266669466607297
27.134361109398945
26.73403117538718
25.92010775148652
25.65188117116662
23.78655566556654
23.59150185486708
23.50237434434699
22.493398552811588
22.45447973245096
21.916883622318338
21.779872247998092
20.862801942061505
20.627852687984465
20.556240246845945
19.89717911386779
19.298518460931078
18.97383469144118
18.97143514678558
18.882865595843782
18.496738947856663
17.991211476552255
17.014378461566
16.54150830074884
15.771397947636588
15.699038512653729
15.09779717914017
15.094798726559006
15.067587600834528
14.959768389944378
14.9205438433073
14.686601659861886
14.45183493705837
14.309308753009345
14.262472880061999
14.161820724453685
14.151432483984337
13.96005921401299
13.928836500141008
13.888313180684825
13.79524546115392
13.612948732179726
13.483136945131353
13.26525737182935
13.060497898209226
12.836991365941506
12.555731013436123
12.466637292105199
12.322995145001562
12.194618169878579
12.16798564747661
11.909451773122726
11.241588284563436
11.036752455310996
10.777212929430704
10.23635384909152
10.221436649820381
10.161356431498945
9.799420056372444
9.453170150373964
9.266297921366261
8.52707156271135
8.50340839865007
6.6869492904242485
6.03673284056426
5.493531651506685
5.41826253865999
3.0550493571237802
3.0200591418632974
2.0414656844932786
1.9990114670568377
1.8542223866416168
1.3636012875936856
1.3237552511620785
1.0239845569577208
0.846292632912153
0.7483732633073724
0.478825690494542
0.3099937156761425
0.23193833007658254
0.12728181897202678
0.10230927326196203
0.041488517649091436
0.04137103969720472
0.0025409692172857676
1.1650603047538425e-09
