4796	1
>	0
0	5.136106e+05
>	1
0	9.694615e+04
>	2
0	9.542821e+04
>	3
0	5.140103e+03
>	4
0	5.106036e+03
>	5
>	6
>	7
0	2.324600e+04
>	8
>	9
>	10
0	1.105910e+06
>	11
0	1.202193e+05
>	12
0	1.162328e+03
>	13
0	7.392146e+04
>	14
0	4.539245e+03
>	15
>	16
0	9.440030e+04
>	17
0	1.781065e+04
>	18
0	1.566733e+04
>	19
0	4.395423e+03
>	20
0	5.753895e+03
>	21
0	3.367218e+04
>	22
>	23
0	4.551278e+03
>	24
>	25
0	3.359079e+02
>	26
>	27
0	2.909459e+04
>	28
0	1.407554e+04
>	29
0	9.347650e+04
>	30
0	1.185661e+04
>	31
0	8.863366e+02
>	32
0	5.150051e+04
>	33
0	5.089912e+03
>	34
0	4.547848e+04
>	35
0	1.150620e+05
>	36
0	6.627664e+03
>	37
0	5.519316e+03
>	38
0	2.585213e+04
>	39
0	5.028079e+03
>	40
0	1.127453e+04
>	41
0	2.638391e+04
>	42
0	8.925848e+03
>	43
0	3.504072e+04
>	44
0	2.458175e+02
>	45
0	1.052118e+04
>	46
0	1.418411e+04
>	47
>	48
0	1.861415e+04
>	49
0	3.347175e+04
>	50
0	2.290487e+05
>	51
0	4.139306e+04
>	52
0	2.765102e+03
>	53
0	3.930759e+04
>	54
0	3.620333e+04
>	55
>	56
>	57
0	9.348855e+02
>	58
0	4.181008e+03
>	59
0	3.080980e+04
>	60
>	61
0	6.736367e+03
>	62
0	1.158464e+06
>	63
0	1.172475e+04
>	64
0	2.371162e+05
>	65
0	7.689801e+03
>	66
0	2.028448e+05
>	67
0	5.507175e+03
>	68
0	1.550978e+04
>	69
0	2.483462e+04
>	70
0	4.228401e+03
>	71
0	8.557617e+03
>	72
0	4.362056e+05
>	73
0	7.074185e+04
>	74
0	8.176838e+04
>	75
0	2.498878e+03
>	76
0	3.929967e+03
>	77
0	1.237835e+04
>	78
0	2.091850e+03
>	79
0	1.325015e+04
>	80
0	1.086906e+04
>	81
0	6.031849e+04
>	82
0	1.034703e+04
>	83
0	3.507863e+03
>	84
0	3.595978e+05
>	85
0	6.802502e+04
>	86
0	7.169591e+04
>	87
0	2.157789e+03
>	88
0	2.793654e+03
>	89
0	3.646157e+05
>	90
0	6.585967e+04
>	91
0	9.539165e+04
>	92
>	93
0	1.705538e+04
>	94
0	3.048543e+03
>	95
0	5.160368e+03
>	96
0	1.236214e+05
>	97
0	2.426457e+04
>	98
0	4.409338e+04
>	99
0	2.210045e+03
>	100
0	1.002588e+04
>	101
0	6.857412e+02
>	102
0	2.046067e+03
>	103
0	1.360888e+05
>	104
0	9.053881e+03
>	105
0	3.340426e+04
>	106
0	1.394561e+03
>	107
0	1.155005e+04
>	108
0	3.611390e+03
>	109
0	1.117938e+03
>	110
0	6.724423e+03
>	111
0	6.909682e+04
>	112
0	1.969202e+04
>	113
0	2.095829e+04
>	114
0	3.884773e+02
>	115
0	7.139815e+04
>	116
0	1.995748e+04
>	117
0	1.892717e+04
>	118
0	4.182944e+03
>	119
0	1.346956e+05
>	120
0	4.691026e+04
>	121
0	5.167494e+04
>	122
0	7.451475e+04
>	123
0	4.981367e+04
>	124
0	4.751447e+04
>	125
0	4.984178e+04
>	126
0	1.132502e+04
>	127
0	4.493928e+04
>	128
0	6.729220e+03
>	129
0	8.430683e+03
>	130
0	3.195461e+04
>	131
0	4.370235e+04
>	132
0	5.123698e+05
>	133
0	1.013398e+05
>	134
0	8.444625e+04
>	135
0	3.904712e+03
>	136
0	1.022880e+04
>	137
0	2.442140e+03
>	138
0	2.656068e+02
>	139
0	8.784896e+03
>	140
0	3.916604e+03
>	141
0	5.180024e+03
>	142
0	1.310273e+04
>	143
>	144
0	1.035131e+03
>	145
0	1.097786e+06
>	146
0	1.100885e+05
>	147
0	3.214314e+03
>	148
0	8.263543e+04
>	149
0	1.354810e+05
>	150
0	2.030616e+04
>	151
0	4.142920e+03
>	152
0	1.345829e+04
>	153
0	7.147849e+03
>	154
0	4.818946e+03
>	155
0	4.275373e+04
>	156
>	157
>	158
0	3.400293e+04
>	159
0	1.385337e+04
>	160
0	1.032583e+05
>	161
0	8.366421e+03
>	162
0	2.771819e+03
>	163
0	5.061932e+04
>	164
0	5.527525e+04
>	165
0	1.115886e+05
>	166
0	1.089957e+04
>	167
0	6.727609e+03
>	168
0	1.770465e+04
>	169
0	3.245366e+03
>	170
0	1.480869e+04
>	171
0	2.756861e+04
>	172
0	1.048428e+04
>	173
0	3.708495e+04
>	174
0	1.505001e+02
>	175
0	9.064227e+03
>	176
0	1.635673e+04
>	177
>	178
0	1.427379e+04
>	179
0	1.535968e+03
>	180
0	2.753400e+04
>	181
0	2.196542e+05
>	182
0	5.692969e+04
>	183
0	7.182966e+03
>	184
0	1.165556e+04
>	185
0	3.649173e+04
>	186
>	187
0	4.631870e+04
>	188
>	189
>	190
>	191
0	2.612865e+04
>	192
0	9.620441e+03
>	193
0	1.197663e+06
>	194
0	9.766683e+03
>	195
0	1.966359e+05
>	196
0	9.254225e+03
>	197
0	2.194230e+05
>	198
0	1.153584e+04
>	199
0	9.484803e+03
>	200
0	2.286744e+04
>	201
0	1.078192e+04
>	202
0	4.047113e+05
>	203
0	8.608958e+04
>	204
0	6.777849e+04
>	205
0	4.022086e+03
>	206
0	2.102834e+03
>	207
0	1.168835e+04
>	208
0	1.112975e+03
>	209
0	8.006238e+03
>	210
0	1.595874e+04
>	211
0	5.294413e+04
>	212
0	1.540251e+04
>	213
0	3.441069e+03
>	214
0	3.440227e+05
>	215
0	5.953778e+04
>	216
0	9.308048e+04
>	217
0	2.376265e+03
>	218
0	4.154809e+03
>	219
0	3.610265e+05
>	220
0	7.276846e+04
>	221
0	9.204952e+04
>	222
0	2.897947e+03
>	223
0	2.349526e+03
>	224
0	1.225471e+04
>	225
0	1.996028e+04
>	226
0	1.838875e+03
>	227
0	6.295713e+03
>	228
0	1.318645e+05
>	229
0	3.111583e+04
>	230
0	3.816799e+04
>	231
0	1.142411e+04
>	232
0	1.086366e+04
>	233
0	1.503768e+03
>	234
0	3.979976e+03
>	235
0	1.360337e+05
>	236
0	1.041163e+04
>	237
0	2.160398e+04
>	238
0	2.731747e+03
>	239
0	1.066421e+04
>	240
0	9.128171e+03
>	241
>	242
0	7.348229e+03
>	243
0	4.252850e+03
>	244
0	7.610510e+04
>	245
0	2.463089e+04
>	246
0	1.703248e+04
>	247
0	5.394411e+03
>	248
0	6.965483e+04
>	249
0	1.292724e+04
>	250
0	2.330000e+04
>	251
0	8.100132e+03
>	252
0	1.356203e+05
>	253
0	4.662301e+04
>	254
0	5.890252e+04
>	255
0	9.448737e+04
>	256
0	2.716116e+04
>	257
0	3.525764e+04
>	258
0	5.171081e+04
>	259
0	8.155502e+03
>	260
0	3.293922e+04
>	261
>	262
0	6.753027e+03
>	263
0	3.410736e+04
>	264
>	265
0	6.087098e+04
>	266
0	5.197933e+05
>	267
0	8.578587e+04
>	268
0	8.503112e+04
>	269
0	3.323762e+03
>	270
0	9.139826e+03
>	271
0	4.651394e+03
>	272
0	2.650432e+02
>	273
0	1.095820e+04
>	274
0	5.881189e+03
>	275
0	5.942876e+03
>	276
0	3.760677e+03
>	277
0	2.006536e+04
>	278
>	279
0	6.144940e+02
>	280
0	1.105978e+06
>	281
0	1.219069e+05
>	282
0	5.630349e+03
>	283
0	9.890271e+04
>	284
0	8.076097e+04
>	285
0	2.009971e+04
>	286
0	4.654231e+03
>	287
0	1.633981e+04
>	288
0	3.498400e+03
>	289
0	5.692320e+03
>	290
0	4.857745e+04
>	291
>	292
>	293
>	294
>	295
0	3.381869e+04
>	296
0	1.431413e+03
>	297
>	298
0	4.150109e+03
>	299
>	300
>	301
0	7.832084e+04
>	302
0	4.241127e+03
>	303
0	7.046991e-01
>	304
0	2.375189e+04
>	305
0	1.998788e+03
>	306
0	5.235982e+04
>	307
0	1.214162e+05
>	308
0	4.142602e+03
>	309
0	5.318304e+03
>	310
0	1.977662e+04
>	311
0	6.871485e+03
>	312
0	1.768914e+04
>	313
0	2.580396e+04
>	314
0	1.145897e+04
>	315
0	3.361263e+04
>	316
0	1.732588e+03
>	317
0	1.176886e+04
>	318
0	1.370917e+04
>	319
>	320
0	1.613012e+04
>	321
0	8.948170e+02
>	322
0	2.791260e+04
>	323
0	2.155013e+05
>	324
0	5.269545e+04
>	325
0	5.303025e+03
>	326
0	1.228506e+04
>	327
0	3.490423e+04
>	328
>	329
0	3.913063e+04
>	330
>	331
>	332
>	333
0	4.178582e+03
>	334
0	3.403562e+04
>	335
>	336
0	7.954134e+03
>	337
0	1.165284e+06
>	338
0	9.146259e+03
>	339
0	2.099028e+05
>	340
0	4.725461e+03
>	341
0	2.243858e+05
>	342
0	2.854455e+03
>	343
0	1.010547e+04
>	344
0	1.961554e+04
>	345
0	6.416912e+03
>	346
0	4.387080e+05
>	347
0	7.030980e+04
>	348
0	7.586260e+04
>	349
0	1.404768e+03
>	350
0	3.547545e+03
>	351
0	1.046128e+04
>	352
0	1.650852e+03
>	353
0	8.506133e+03
>	354
0	1.106522e+04
>	355
0	5.865842e+04
>	356
0	7.729928e+03
>	357
0	7.207232e+03
>	358
0	1.589771e+02
>	359
0	3.482179e+05
>	360
0	6.435255e+04
>	361
0	8.773071e+04
>	362
0	2.446172e+01
>	363
0	2.604379e+03
>	364
0	3.637599e+05
>	365
0	7.531996e+04
>	366
0	7.813049e+04
>	367
0	2.336465e+03
>	368
0	4.284199e+03
>	369
0	5.465739e+03
>	370
0	6.018425e+03
>	371
0	2.031184e+04
>	372
0	6.395384e+02
>	373
0	9.794427e+03
>	374
0	1.271574e+05
>	375
0	2.551482e+04
>	376
0	3.606667e+04
>	377
0	3.485250e+03
>	378
0	1.245326e+04
>	379
0	3.355010e+03
>	380
0	1.083900e+03
>	381
0	1.608808e+05
>	382
0	7.959035e+03
>	383
0	2.613990e+04
>	384
0	1.117319e+03
>	385
0	1.422386e+04
>	386
0	7.044598e+03
>	387
>	388
0	1.002902e+04
>	389
0	2.590256e+03
>	390
0	6.944254e+04
>	391
0	1.991824e+04
>	392
0	2.317981e+04
>	393
0	3.609753e+03
>	394
0	6.259824e+03
>	395
0	6.962633e+04
>	396
0	1.774881e+04
>	397
0	2.359284e+04
>	398
0	3.486700e+02
>	399
0	1.263704e+05
>	400
0	4.756653e+04
>	401
0	3.385337e+04
>	402
0	1.206633e+05
>	403
0	3.904679e+04
>	404
0	4.464890e+04
>	405
0	4.091087e+04
>	406
0	4.197671e+04
>	407
0	4.334214e+04
>	408
0	1.800668e+03
>	409
0	1.958618e+04
>	410
0	2.259010e+03
>	411
0	1.759907e+04
>	412
0	2.071913e+04
>	413
0	3.061076e+03
>	414
>	415
0	2.954434e+04
>	416
0	1.944665e+04
>	417
0	6.755917e+03
>	418
0	5.171593e+05
>	419
0	4.323820e+03
>	420
0	9.047785e+04
>	421
0	8.037844e+04
>	422
0	5.843490e+03
>	423
0	1.603762e+04
>	424
0	2.313383e+03
>	425
0	3.534959e+01
>	426
0	1.066668e+04
>	427
0	5.148999e+03
>	428
0	3.774339e+03
>	429
0	1.302178e+04
>	430
>	431
>	432
0	1.082554e+06
>	433
0	1.195717e+05
>	434
0	5.364570e+03
>	435
0	7.576201e+04
>	436
0	8.876529e+04
>	437
0	2.109442e+04
>	438
0	3.867247e+03
>	439
0	1.465647e+04
>	440
0	3.174638e+03
>	441
0	5.892104e+03
>	442
0	4.296077e+04
>	443
>	444
>	445
>	446
0	3.459194e+04
>	447
>	448
>	449
0	6.411394e+02
>	450
>	451
>	452
0	7.842857e+04
>	453
0	1.480154e+03
>	454
0	7.493349e-01
>	455
0	1.478928e+04
>	456
0	1.473521e+04
>	457
0	5.430010e-01
>	458
0	5.901133e+03
>	459
>	460
0	3.242736e+04
>	461
0	1.186287e+05
>	462
0	7.736740e+03
>	463
0	1.940409e+04
>	464
0	2.865265e+03
>	465
0	1.267122e+04
>	466
0	1.426634e+04
>	467
0	2.336288e+03
>	468
0	3.990946e+04
>	469
0	1.471080e+03
>	470
0	2.425257e+04
>	471
0	2.601886e+04
>	472
0	2.328242e+05
>	473
0	4.930698e+04
>	474
0	3.055835e+03
>	475
0	4.204318e+04
>	476
0	4.083013e+04
>	477
>	478
>	479
0	4.057870e+04
>	480
>	481
0	1.210777e+06
>	482
0	8.573596e+03
>	483
0	2.363026e+05
>	484
0	7.911828e+03
>	485
0	2.091534e+05
>	486
0	1.349160e+04
>	487
0	7.551723e+03
>	488
0	2.200577e+04
>	489
0	5.681613e+03
>	490
0	6.921774e+03
>	491
>	492
0	4.479971e+05
>	493
0	2.744835e+04
>	494
0	4.312854e+04
>	495
0	1.140262e+04
>	496
0	2.929358e+03
>	497
0	8.667389e+03
>	498
0	1.530047e+03
>	499
0	1.183992e+04
>	500
>	501
0	5.460249e+04
>	502
0	1.600341e+04
>	503
0	7.449834e+03
>	504
0	5.464381e+02
>	505
0	3.460264e+05
>	506
0	7.452916e+04
>	507
0	7.314462e+04
>	508
>	509
0	3.727090e+05
>	510
0	7.227466e+04
>	511
0	7.952382e+04
>	512
0	1.434845e+03
>	513
0	3.389136e+03
>	514
0	9.650118e+03
>	515
0	4.716788e+03
>	516
0	1.534928e+04
>	517
0	6.185112e+02
>	518
0	9.236656e+03
>	519
0	1.357246e+05
>	520
0	2.087599e+04
>	521
0	3.432359e+04
>	522
0	4.308837e+03
>	523
0	9.681309e+03
>	524
0	1.386546e+05
>	525
0	2.347828e+04
>	526
0	4.968481e+04
>	527
0	1.733153e+03
>	528
0	1.172292e+04
>	529
0	5.528710e+02
>	530
0	8.411176e+03
>	531
0	9.168980e+03
>	532
0	3.961805e+03
>	533
0	6.749700e+04
>	534
0	1.544272e+04
>	535
0	1.861708e+04
>	536
0	3.332953e+03
>	537
0	6.034306e+03
>	538
0	3.177227e+03
>	539
0	1.656835e+03
>	540
0	5.172824e+04
>	541
0	1.895138e+03
>	542
0	1.113725e+04
>	543
>	544
0	1.320180e+05
>	545
0	3.101257e+04
>	546
0	6.287437e+04
>	547
0	9.182679e+04
>	548
0	3.104955e+04
>	549
0	3.204375e+04
>	550
0	4.651136e+04
>	551
0	3.007092e+04
>	552
0	3.341596e+04
>	553
0	1.818658e+04
>	554
0	1.965495e+04
>	555
0	7.763064e+04
>	556
>	557
0	5.721607e+03
>	558
0	1.776147e+04
>	559
0	1.529244e+04
>	560
0	4.868550e+05
>	561
0	3.414409e+03
>	562
0	5.852806e+03
>	563
0	8.972966e+04
>	564
0	9.234673e+04
>	565
0	5.280714e+03
>	566
0	1.481305e+04
>	567
0	4.143724e+03
>	568
0	3.083647e+02
>	569
0	9.404133e+03
>	570
0	3.467399e+03
>	571
0	3.772044e+03
>	572
0	1.553654e+04
>	573
>	574
>	575
0	1.076912e+06
>	576
0	1.224152e+05
>	577
0	2.446719e+03
>	578
0	5.712770e+04
>	579
0	6.501270e+03
>	580
>	581
0	8.940374e+04
>	582
0	1.615306e+04
>	583
0	4.371922e+03
>	584
0	3.970171e+03
>	585
0	2.570830e+03
>	586
0	1.030935e+04
>	587
>	588
>	589
0	3.699233e+04
>	590
>	591
>	592
0	3.299501e+04
>	593
0	9.033884e+03
>	594
0	7.808905e+03
>	595
>	596
0	9.259328e+04
>	597
0	1.920114e+03
>	598
0	1.073381e+00
>	599
0	1.619599e+04
>	600
0	1.613102e+04
>	601
0	5.836895e-01
>	602
0	2.442280e+03
>	603
>	604
0	3.737249e+04
>	605
0	1.147049e+05
>	606
0	1.994888e+04
>	607
0	1.639321e+04
>	608
0	2.571433e+04
>	609
0	1.281637e+04
>	610
0	2.211913e+03
>	611
0	3.171981e+04
>	612
0	5.259427e+01
>	613
0	1.313003e+04
>	614
0	1.571138e+04
>	615
>	616
0	1.887364e+04
>	617
0	2.250621e+05
>	618
0	6.033687e+04
>	619
0	1.173811e+03
>	620
0	5.128239e+04
>	621
0	4.212452e+04
>	622
>	623
0	2.716880e+02
>	624
0	7.706627e+03
>	625
>	626
0	1.205825e+06
>	627
0	1.070288e+04
>	628
0	1.456937e+05
>	629
0	4.768622e+03
>	630
0	7.971138e+04
>	631
0	2.575309e+04
>	632
0	1.077185e+04
>	633
0	2.222865e+04
>	634
0	6.617177e+03
>	635
0	2.789897e+03
>	636
>	637
0	4.248417e+05
>	638
0	4.157417e+04
>	639
0	3.859260e+04
>	640
0	7.552749e+03
>	641
0	2.592358e+03
>	642
0	1.208250e+04
>	643
0	1.156330e+03
>	644
0	1.637569e+04
>	645
>	646
0	5.890117e+04
>	647
0	9.030890e+03
>	648
0	9.708492e+03
>	649
0	1.677153e+03
>	650
0	3.589822e+05
>	651
0	7.233632e+04
>	652
0	7.053907e+04
>	653
>	654
0	3.473388e+05
>	655
0	6.863164e+04
>	656
0	8.323106e+04
>	657
0	6.251690e+03
>	658
0	3.243508e+03
>	659
0	1.109919e+04
>	660
0	2.523467e+03
>	661
0	1.313401e+04
>	662
0	8.184849e+03
>	663
0	1.074038e+05
>	664
0	3.661166e+04
>	665
0	4.310690e+04
>	666
0	2.226349e+03
>	667
0	1.061817e+04
>	668
0	1.327541e+05
>	669
0	2.112183e+04
>	670
0	4.131640e+04
>	671
0	9.237562e+03
>	672
0	8.373114e+03
>	673
0	9.904020e+03
>	674
0	6.324466e+04
>	675
0	1.658775e+04
>	676
0	1.862678e+04
>	677
0	4.807123e+03
>	678
0	1.011163e+04
>	679
0	1.533220e+03
>	680
0	2.502421e+03
>	681
0	4.841460e+04
>	682
0	5.415076e+03
>	683
0	1.062058e+04
>	684
>	685
0	1.227093e+04
>	686
0	1.251134e+04
>	687
0	1.376692e+05
>	688
0	4.828811e+04
>	689
0	4.795395e+04
>	690
0	9.738661e+04
>	691
0	2.168844e+04
>	692
0	2.979935e+04
>	693
0	3.152232e+04
>	694
0	1.597402e+04
>	695
>	696
0	5.122719e+04
>	697
0	5.934655e+03
>	698
0	2.065650e+04
>	699
0	5.299397e+05
>	700
0	3.813898e+03
>	701
0	9.909087e+04
>	702
0	9.344203e+04
>	703
0	5.570223e+03
>	704
0	1.054344e+04
>	705
0	6.567188e+03
>	706
0	9.545582e+02
>	707
0	7.050421e+03
>	708
0	6.285612e+03
>	709
0	1.714165e+04
>	710
>	711
0	1.635325e+03
>	712
0	1.077317e+06
>	713
0	1.207398e+05
>	714
>	715
0	4.815481e+04
>	716
0	8.374482e+02
>	717
0	1.139274e+03
>	718
0	1.086616e+05
>	719
0	1.825971e+04
>	720
0	4.573809e+03
>	721
0	2.928318e+03
>	722
0	1.668563e+04
>	723
>	724
>	725
0	4.352542e+04
>	726
>	727
>	728
0	3.324521e+04
>	729
>	730
>	731
0	2.425941e+03
>	732
>	733
>	734
0	8.868981e+04
>	735
0	3.993353e+03
>	736
0	1.195286e+01
>	737
0	1.558229e+04
>	738
0	1.270862e+04
>	739
>	740
0	4.199522e+03
>	741
>	742
0	3.017607e+04
>	743
0	1.157568e+05
>	744
0	5.717907e+03
>	745
0	2.431653e+04
>	746
0	1.998672e+04
>	747
0	1.388299e+04
>	748
0	6.944050e+02
>	749
0	2.870475e+03
>	750
0	2.970733e+04
>	751
0	1.100583e+03
>	752
0	7.675028e+03
>	753
0	1.721320e+04
>	754
>	755
0	2.537784e+04
>	756
0	2.292222e+05
>	757
0	5.306365e+04
>	758
0	1.256071e+03
>	759
0	4.701361e+04
>	760
0	4.003067e+04
>	761
>	762
0	1.701703e+03
>	763
0	8.412650e+03
>	764
0	9.671800e+03
>	765
>	766
0	1.239419e+06
>	767
0	7.385159e+03
>	768
0	1.800819e+05
>	769
0	5.938797e+03
>	770
0	9.409823e+04
>	771
0	3.066664e+04
>	772
0	6.855670e+03
>	773
0	6.471975e+03
>	774
0	4.294700e+05
>	775
0	6.987852e+04
>	776
0	7.930486e+04
>	777
0	2.284246e+03
>	778
0	1.125716e+03
>	779
0	1.131945e+04
>	780
0	1.507123e+04
>	781
>	782
0	6.716596e+04
>	783
0	1.300847e+04
>	784
0	3.438055e+03
>	785
0	3.681438e+05
>	786
0	7.699692e+04
>	787
0	7.833562e+04
>	788
0	2.949470e+03
>	789
0	3.727256e+05
>	790
0	7.207515e+04
>	791
0	8.525534e+04
>	792
>	793
0	2.066593e+04
>	794
0	4.240027e+03
>	795
0	7.398627e+03
>	796
0	1.367063e+05
>	797
0	4.518614e+04
>	798
0	3.339142e+04
>	799
0	4.299896e+03
>	800
0	4.803747e+03
>	801
0	1.563924e+05
>	802
0	3.272496e+04
>	803
0	3.522765e+04
>	804
>	805
0	1.242301e+04
>	806
0	1.447539e+04
>	807
>	808
0	1.090016e+04
>	809
0	8.009309e+04
>	810
0	1.926464e+04
>	811
0	2.171360e+04
>	812
0	7.864877e+03
>	813
0	6.062645e+03
>	814
0	6.027156e+04
>	815
0	2.228479e+04
>	816
0	1.931956e+04
>	817
0	1.082075e+04
>	818
0	8.226667e+03
>	819
0	8.363428e+03
>	820
0	1.413378e+05
>	821
0	4.934876e+04
>	822
0	6.227485e+04
>	823
0	9.608748e+04
>	824
0	3.518243e+04
>	825
0	3.215694e+04
>	826
0	6.000319e+04
>	827
0	1.825084e+04
>	828
0	2.505701e+04
>	829
0	3.588266e+04
>	830
0	1.021101e+04
>	831
0	1.648502e+04
>	832
0	4.172416e+04
>	833
0	5.209305e+05
>	834
0	4.314675e+03
>	835
0	9.351192e+04
>	836
0	9.651830e+04
>	837
0	4.053363e+03
>	838
0	9.119767e+03
>	839
0	5.263149e+03
>	840
0	8.861199e+02
>	841
0	1.073558e+04
>	842
0	4.273989e+03
>	843
0	1.779265e+04
>	844
>	845
0	1.425849e+03
>	846
0	1.065019e+06
>	847
0	1.320535e+05
>	848
>	849
0	8.852151e+04
>	850
0	5.105410e+03
>	851
0	5.134786e+02
>	852
0	1.003047e+05
>	853
0	1.430696e+04
>	854
0	4.807615e+03
>	855
0	1.460251e+04
>	856
0	4.833599e+03
>	857
0	2.080897e+03
>	858
0	4.248303e+04
>	859
>	860
>	861
0	3.185553e+04
>	862
0	5.458112e+01
>	863
>	864
0	2.178678e+03
>	865
0	9.551599e+04
>	866
0	7.053374e+03
>	867
0	7.510557e+02
>	868
0	7.970568e+03
>	869
0	4.056320e+04
>	870
>	871
0	2.963306e+03
>	872
>	873
0	2.957320e+04
>	874
0	1.182698e+05
>	875
0	5.768995e+03
>	876
0	6.960561e+03
>	877
0	2.006035e+04
>	878
0	2.780513e+04
>	879
0	1.232690e+04
>	880
0	2.986306e+03
>	881
0	3.671044e+04
>	882
>	883
0	1.049253e+04
>	884
0	1.230805e+04
>	885
0	3.778335e+02
>	886
0	2.819383e+04
>	887
0	2.344822e+05
>	888
0	5.921092e+04
>	889
0	3.089526e+03
>	890
0	4.630487e+04
>	891
0	3.758358e+04
>	892
>	893
>	894
0	3.547609e+04
>	895
0	5.986055e+03
>	896
0	6.305992e+03
>	897
0	4.314214e+03
>	898
0	1.209955e+06
>	899
0	5.020830e+03
>	900
0	2.276126e+05
>	901
0	7.119831e+03
>	902
0	1.982713e+05
>	903
0	7.042372e+03
>	904
0	1.265574e+04
>	905
0	7.209595e+03
>	906
0	4.330099e+05
>	907
0	7.565001e+04
>	908
0	7.995278e+04
>	909
0	4.184780e+03
>	910
0	2.760716e+03
>	911
0	1.206474e+04
>	912
0	1.447602e+03
>	913
0	1.649392e+04
>	914
>	915
0	6.718196e+04
>	916
0	7.397886e+03
>	917
0	9.742239e+03
>	918
>	919
0	3.542252e+05
>	920
0	7.421443e+04
>	921
0	7.482727e+04
>	922
>	923
0	7.610776e+03
>	924
0	3.520181e+05
>	925
0	8.198003e+04
>	926
0	7.550219e+04
>	927
0	4.319614e+03
>	928
0	4.132152e+03
>	929
0	1.215938e+04
>	930
0	1.832917e+04
>	931
0	9.033341e+03
>	932
0	7.350357e+03
>	933
0	1.329046e+05
>	934
0	2.298475e+04
>	935
0	4.750461e+04
>	936
0	1.879093e+03
>	937
0	1.170162e+04
>	938
0	1.484063e+03
>	939
0	4.769793e+03
>	940
0	1.491147e+05
>	941
0	4.010587e+03
>	942
0	2.372275e+04
>	943
0	1.981750e+03
>	944
0	1.174380e+04
>	945
0	5.124784e+03
>	946
0	2.268306e+03
>	947
0	9.506399e+03
>	948
0	7.848391e+03
>	949
0	7.859292e+04
>	950
0	1.458588e+04
>	951
0	2.858418e+04
>	952
0	1.769028e+03
>	953
0	9.101004e+03
>	954
0	5.667385e+04
>	955
0	1.717401e+04
>	956
0	2.613350e+04
>	957
>	958
0	1.446215e+05
>	959
0	4.269346e+04
>	960
0	5.839565e+04
>	961
0	9.941413e+04
>	962
0	3.649930e+04
>	963
0	2.945723e+04
>	964
0	4.738834e+04
>	965
0	3.300016e+04
>	966
0	1.674029e+04
>	967
0	2.649798e+04
>	968
0	2.456231e+04
>	969
0	1.555879e+04
>	970
0	3.456754e+04
>	971
0	2.655474e+04
>	972
0	4.922685e+05
>	973
0	9.349426e+04
>	974
0	8.514768e+04
>	975
0	2.629126e+03
>	976
0	1.001391e+04
>	977
0	6.108495e+03
>	978
0	8.727965e+02
>	979
0	9.571232e+03
>	980
0	4.233203e+03
>	981
0	3.182983e+03
>	982
0	1.944349e+04
>	983
>	984
0	2.847786e+02
>	985
0	1.105458e+06
>	986
0	1.222572e+05
>	987
0	8.580070e+03
>	988
0	7.327578e+04
>	989
0	9.714873e+04
>	990
0	2.244751e+04
>	991
0	3.410251e+03
>	992
0	1.504284e+04
>	993
0	3.786179e+03
>	994
0	3.185310e+03
>	995
0	3.375939e+04
>	996
0	7.214030e+02
>	997
>	998
0	1.128355e+04
>	999
0	3.419590e+03
>	1000
0	3.118258e+03
>	1001
0	1.064154e+05
>	1002
>	1003
0	3.959834e+02
>	1004
0	4.549065e+04
>	1005
0	2.309299e+03
>	1006
0	4.988254e+04
>	1007
0	1.160394e+05
>	1008
0	8.628615e+03
>	1009
0	3.982918e+03
>	1010
0	8.204613e+03
>	1011
0	9.333324e+03
>	1012
0	2.721177e+04
>	1013
0	1.159775e+04
>	1014
0	4.027010e+03
>	1015
0	2.958810e+04
>	1016
>	1017
0	9.918778e+03
>	1018
0	1.124000e+04
>	1019
0	2.403847e+03
>	1020
0	1.446027e+04
>	1021
0	6.246908e+02
>	1022
0	1.544703e+03
>	1023
0	2.697576e+04
>	1024
0	2.548459e+05
>	1025
>	1026
>	1027
0	4.467929e+04
>	1028
0	2.684158e+04
>	1029
0	2.276516e+04
>	1030
>	1031
0	2.379123e+04
>	1032
>	1033
>	1034
>	1035
>	1036
0	7.861161e+03
>	1037
0	1.313518e+04
>	1038
>	1039
0	9.459352e+03
>	1040
0	8.265699e+03
>	1041
0	2.375065e+03
>	1042
0	1.220096e+06
>	1043
0	7.811385e+03
>	1044
0	2.303247e+05
>	1045
0	5.162411e+03
>	1046
0	2.217325e+05
>	1047
0	5.890872e+03
>	1048
0	9.264762e+03
>	1049
0	6.818571e+03
>	1050
0	8.248894e+03
>	1051
0	4.206165e+05
>	1052
0	7.428339e+04
>	1053
0	8.400380e+04
>	1054
0	4.182566e+03
>	1055
0	3.504044e+03
>	1056
0	1.290756e+04
>	1057
0	5.332600e+02
>	1058
0	3.579409e+03
>	1059
0	1.534810e+03
>	1060
0	1.689502e+04
>	1061
>	1062
0	5.841732e+04
>	1063
0	1.099936e+04
>	1064
0	1.185986e+04
>	1065
>	1066
0	3.719258e+05
>	1067
0	7.425388e+04
>	1068
0	6.600637e+04
>	1069
0	1.132890e+03
>	1070
0	7.027435e+03
>	1071
0	3.724061e+05
>	1072
0	6.411930e+04
>	1073
0	7.760406e+04
>	1074
0	8.963764e+03
>	1075
0	2.339828e+03
>	1076
0	1.294469e+04
>	1077
0	1.850915e+04
>	1078
0	2.571985e+03
>	1079
0	5.698030e+03
>	1080
0	3.165821e+03
>	1081
0	1.200076e+05
>	1082
0	2.751288e+04
>	1083
0	3.750160e+04
>	1084
0	9.782682e+02
>	1085
0	7.202723e+03
>	1086
0	5.763848e+03
>	1087
0	8.210641e+02
>	1088
0	1.346421e+05
>	1089
0	5.661225e+03
>	1090
0	1.854319e+04
>	1091
0	2.539439e+03
>	1092
0	1.179142e+04
>	1093
0	2.352138e+03
>	1094
0	5.442330e+02
>	1095
0	9.100812e+03
>	1096
0	6.441514e+03
>	1097
0	6.273950e+04
>	1098
0	1.590881e+04
>	1099
0	1.775932e+04
>	1100
0	1.762092e+03
>	1101
0	1.051532e+04
>	1102
0	5.237673e+04
>	1103
0	1.769305e+04
>	1104
0	1.837070e+04
>	1105
0	6.492507e+03
>	1106
0	1.188256e+04
>	1107
0	1.299013e+05
>	1108
0	4.786148e+04
>	1109
0	2.603669e+04
>	1110
0	7.992823e+04
>	1111
0	3.609962e+04
>	1112
0	2.505982e+04
>	1113
0	3.656228e+04
>	1114
0	2.747304e+04
>	1115
0	3.512641e+04
>	1116
0	3.641032e+04
>	1117
0	4.278764e+04
>	1118
0	2.430379e+04
>	1119
0	5.209080e+03
>	1120
0	2.025315e+04
>	1121
0	2.162029e+04
>	1122
0	5.079162e+05
>	1123
0	1.059294e+05
>	1124
0	9.087961e+04
>	1125
0	6.229266e+03
>	1126
0	9.687404e+03
>	1127
>	1128
>	1129
0	5.309061e+03
>	1130
0	2.706205e+03
>	1131
0	2.642945e+03
>	1132
0	2.006627e+02
>	1133
>	1134
>	1135
0	5.440504e+05
>	1136
0	5.235692e+05
>	1137
0	3.226609e+04
>	1138
0	8.922673e+04
>	1139
0	9.738753e+04
>	1140
0	5.967044e+03
>	1141
>	1142
0	1.284763e+05
>	1143
0	1.591716e+04
>	1144
0	6.345283e+03
>	1145
0	1.940907e+04
>	1146
0	2.350804e+03
>	1147
0	4.021471e+03
>	1148
0	3.808938e+04
>	1149
>	1150
>	1151
0	1.894336e+04
>	1152
0	1.813356e+04
>	1153
0	2.150943e+03
>	1154
>	1155
0	1.053192e+05
>	1156
0	1.066933e+03
>	1157
>	1158
>	1159
0	2.013106e+04
>	1160
>	1161
0	8.469353e+02
>	1162
0	3.356738e+04
>	1163
0	1.155426e+05
>	1164
0	8.573192e+03
>	1165
0	4.935011e+03
>	1166
0	7.628910e+03
>	1167
0	6.864696e+03
>	1168
0	2.427710e+04
>	1169
0	1.024632e+04
>	1170
0	3.185501e+04
>	1171
0	2.231152e+02
>	1172
0	2.218620e+04
>	1173
0	1.481331e+04
>	1174
0	1.843468e+03
>	1175
0	2.460581e+04
>	1176
0	2.566892e+05
>	1177
>	1178
>	1179
>	1180
0	5.170494e+04
>	1181
0	1.785879e+04
>	1182
0	2.509182e+04
>	1183
>	1184
0	3.277031e+04
>	1185
>	1186
>	1187
>	1188
>	1189
0	6.484644e+03
>	1190
0	2.348911e+04
>	1191
>	1192
0	8.093089e+03
>	1193
0	4.789821e+03
>	1194
0	2.326453e+03
>	1195
0	1.236891e+06
>	1196
0	1.333002e+04
>	1197
0	2.275209e+05
>	1198
0	6.254013e+03
>	1199
0	2.184757e+05
>	1200
0	2.329008e+03
>	1201
0	1.210711e+04
>	1202
0	9.305113e+03
>	1203
>	1204
0	8.092747e+03
>	1205
0	5.304828e+03
>	1206
0	4.500245e+05
>	1207
0	7.275935e+04
>	1208
0	8.188871e+04
>	1209
0	2.990720e+03
>	1210
0	2.874885e+03
>	1211
0	1.143966e+04
>	1212
0	4.888174e+02
>	1213
0	3.303678e+03
>	1214
>	1215
0	7.810386e+03
>	1216
0	4.318738e+03
>	1217
0	1.724683e+04
>	1218
0	5.644596e+04
>	1219
0	1.742455e+04
>	1220
0	8.784322e+03
>	1221
0	3.547187e+05
>	1222
0	6.956383e+04
>	1223
0	8.163362e+04
>	1224
0	1.708477e+02
>	1225
0	3.906447e+05
>	1226
0	7.160669e+04
>	1227
0	8.511897e+04
>	1228
0	7.757239e+03
>	1229
0	1.894536e+03
>	1230
0	1.266113e+04
>	1231
0	1.574155e+04
>	1232
0	3.590698e+03
>	1233
0	8.929066e+03
>	1234
0	1.170561e+03
>	1235
0	1.204272e+05
>	1236
0	2.916042e+04
>	1237
0	3.458804e+04
>	1238
0	3.903008e+03
>	1239
0	1.098741e+04
>	1240
0	2.227019e+02
>	1241
0	2.609174e+03
>	1242
0	1.389120e+05
>	1243
0	7.105083e+03
>	1244
0	2.484947e+04
>	1245
0	2.435109e+03
>	1246
0	1.488698e+04
>	1247
0	1.102301e+03
>	1248
0	5.851363e+03
>	1249
0	7.579710e+03
>	1250
0	5.661819e+04
>	1251
0	1.951584e+04
>	1252
0	1.516905e+04
>	1253
0	1.941925e+03
>	1254
0	4.954157e+04
>	1255
0	1.375025e+04
>	1256
0	1.740684e+04
>	1257
0	4.407479e+02
>	1258
0	1.244975e+04
>	1259
0	1.457027e+05
>	1260
0	1.830751e+04
>	1261
0	5.794749e+04
>	1262
0	6.524109e+04
>	1263
0	4.392677e+04
>	1264
0	3.863881e+04
>	1265
0	3.569648e+04
>	1266
0	3.056481e+04
>	1267
0	3.778082e+04
>	1268
0	2.146082e+04
>	1269
0	4.534508e+03
>	1270
0	4.942553e+05
>	1271
0	1.060652e+05
>	1272
0	8.319164e+04
>	1273
0	5.682189e+03
>	1274
0	1.031146e+04
>	1275
0	1.231485e+03
>	1276
>	1277
0	4.779244e+03
>	1278
0	4.342913e+03
>	1279
0	3.036507e+03
>	1280
0	2.388221e+03
>	1281
>	1282
0	3.030544e+03
>	1283
>	1284
0	5.535843e+05
>	1285
0	4.768851e+05
>	1286
0	3.394775e+04
>	1287
0	8.375362e+04
>	1288
0	1.049029e+05
>	1289
0	3.900500e+03
>	1290
0	2.837975e+03
>	1291
0	1.213879e+05
>	1292
0	2.392752e+04
>	1293
0	4.761744e+03
>	1294
0	1.912672e+04
>	1295
0	5.298510e+03
>	1296
0	5.585898e+03
>	1297
0	3.061513e+04
>	1298
0	1.474571e+03
>	1299
>	1300
0	2.428201e+04
>	1301
0	1.149851e+04
>	1302
0	1.111601e+05
>	1303
0	8.826952e+03
>	1304
0	2.086923e+03
>	1305
0	6.579429e+03
>	1306
0	3.640188e+04
>	1307
>	1308
0	2.514372e+03
>	1309
0	2.978821e+04
>	1310
0	1.183459e+05
>	1311
0	6.270863e+03
>	1312
0	6.069817e+03
>	1313
0	6.559067e+03
>	1314
0	2.155154e+04
>	1315
0	4.668071e+03
>	1316
0	1.089291e+04
>	1317
0	9.877359e+03
>	1318
0	3.227287e+04
>	1319
>	1320
0	1.241782e+04
>	1321
0	9.762464e+03
>	1322
0	3.497746e+02
>	1323
0	2.145624e+04
>	1324
0	2.593205e+04
>	1325
0	2.253045e+05
>	1326
0	5.393984e+04
>	1327
0	4.055219e+03
>	1328
0	4.701753e+04
>	1329
0	3.228681e+04
>	1330
>	1331
>	1332
>	1333
>	1334
0	5.619472e+03
>	1335
0	3.201402e+04
>	1336
>	1337
0	1.198058e+06
>	1338
0	7.090962e+03
>	1339
0	2.398839e+05
>	1340
0	7.344007e+03
>	1341
0	2.303152e+05
>	1342
0	3.224332e+03
>	1343
0	5.266724e+03
>	1344
0	6.691985e+03
>	1345
0	7.649909e+03
>	1346
0	4.385493e+05
>	1347
0	7.531548e+04
>	1348
0	7.484868e+04
>	1349
0	3.293905e+03
>	1350
0	3.005568e+03
>	1351
0	7.664567e+03
>	1352
0	8.306568e+02
>	1353
0	5.433677e+03
>	1354
0	1.095460e+04
>	1355
0	4.581392e+03
>	1356
0	1.636968e+04
>	1357
0	6.236474e+04
>	1358
0	1.386261e+04
>	1359
0	8.986268e+03
>	1360
0	3.311696e+05
>	1361
0	7.434771e+04
>	1362
0	7.231210e+04
>	1363
0	6.145211e+03
>	1364
0	4.993876e+02
>	1365
0	3.872086e+03
>	1366
0	3.777539e+05
>	1367
0	5.390002e+04
>	1368
0	3.198391e+04
>	1369
0	6.770273e+03
>	1370
0	3.116431e+03
>	1371
0	9.344255e+03
>	1372
0	1.310185e+04
>	1373
0	5.651600e+03
>	1374
0	7.401192e+03
>	1375
0	1.148707e+05
>	1376
0	3.812461e+04
>	1377
0	3.254241e+04
>	1378
>	1379
0	1.151790e+04
>	1380
0	1.478916e+05
>	1381
0	2.517250e+04
>	1382
0	4.923169e+04
>	1383
0	7.680301e+03
>	1384
0	1.329423e+04
>	1385
0	1.716876e+03
>	1386
0	1.069306e+04
>	1387
0	6.060150e+04
>	1388
0	1.579495e+04
>	1389
0	1.732710e+04
>	1390
0	6.765429e+04
>	1391
0	1.304254e+04
>	1392
0	1.888077e+04
>	1393
0	5.097577e+03
>	1394
0	1.216655e+04
>	1395
0	1.113901e+05
>	1396
0	1.307157e+04
>	1397
0	4.056202e+04
>	1398
>	1399
>	1400
0	5.298065e+04
>	1401
0	9.533539e+04
>	1402
0	2.164670e+04
>	1403
0	1.677873e+04
>	1404
0	5.700839e+04
>	1405
0	1.698689e+04
>	1406
0	3.179037e+04
>	1407
0	5.382680e+04
>	1408
0	2.359294e+04
>	1409
0	2.183008e+04
>	1410
0	4.889762e+05
>	1411
0	8.639498e+04
>	1412
0	7.238087e+04
>	1413
0	3.136070e+03
>	1414
0	6.721892e+03
>	1415
0	5.794553e+03
>	1416
0	1.585842e+03
>	1417
>	1418
0	4.114259e+03
>	1419
0	3.237087e+03
>	1420
0	3.010936e+03
>	1421
>	1422
0	4.666755e+02
>	1423
>	1424
0	7.436195e+01
>	1425
0	1.025897e+06
>	1426
0	1.208014e+05
>	1427
0	8.032490e+03
>	1428
0	7.208951e+04
>	1429
0	1.227851e+05
>	1430
0	1.408192e+04
>	1431
0	4.713858e+03
>	1432
0	1.148202e+04
>	1433
0	3.640126e+03
>	1434
0	6.067176e+03
>	1435
0	3.362996e+04
>	1436
>	1437
0	3.375738e+04
>	1438
0	1.133368e+04
>	1439
0	2.780558e+03
>	1440
>	1441
0	8.472716e+04
>	1442
0	1.633485e+03
>	1443
0	3.757970e+01
>	1444
0	2.099318e+04
>	1445
0	3.216353e+03
>	1446
0	5.033543e+04
>	1447
0	1.115762e+05
>	1448
0	1.995293e+03
>	1449
0	4.652609e+03
>	1450
0	1.018643e+04
>	1451
0	2.525667e+04
>	1452
0	3.911967e+03
>	1453
0	5.627648e+03
>	1454
0	2.319993e+04
>	1455
0	1.045214e+04
>	1456
0	3.235630e+04
>	1457
0	2.994373e+03
>	1458
0	1.097865e+04
>	1459
0	1.135630e+04
>	1460
>	1461
0	1.319180e+04
>	1462
0	2.360566e+04
>	1463
0	2.147211e+05
>	1464
0	3.805358e+04
>	1465
0	5.556168e+04
>	1466
0	5.267139e+03
>	1467
>	1468
0	2.327244e+04
>	1469
0	1.199803e+06
>	1470
0	8.485063e+03
>	1471
0	2.002917e+05
>	1472
0	8.111827e+03
>	1473
0	1.966589e+05
>	1474
0	2.899805e+03
>	1475
0	1.322704e+04
>	1476
0	8.633389e+03
>	1477
0	6.395898e+03
>	1478
0	5.256166e+03
>	1479
>	1480
0	4.368795e+05
>	1481
0	5.413760e+04
>	1482
0	4.363048e+04
>	1483
0	9.036920e+03
>	1484
0	3.979353e+03
>	1485
0	1.251028e+04
>	1486
0	5.880327e+02
>	1487
0	3.951305e+03
>	1488
0	1.374791e+03
>	1489
0	1.345445e+04
>	1490
0	4.968215e+03
>	1491
0	1.700134e+04
>	1492
0	5.345843e+04
>	1493
0	6.875533e+03
>	1494
0	6.152545e+03
>	1495
0	1.406225e+03
>	1496
0	3.236578e+05
>	1497
0	7.358730e+04
>	1498
0	7.123289e+04
>	1499
0	6.977674e+03
>	1500
0	1.707785e+03
>	1501
0	3.034282e+03
>	1502
0	3.392688e+05
>	1503
0	6.176986e+04
>	1504
0	2.802347e+04
>	1505
0	8.669435e+03
>	1506
0	2.886368e+03
>	1507
0	1.628214e+04
>	1508
0	1.140795e+04
>	1509
0	3.290439e+03
>	1510
0	3.448356e+03
>	1511
0	1.008000e+05
>	1512
0	2.962573e+04
>	1513
0	2.882931e+04
>	1514
0	4.164794e+03
>	1515
0	4.277344e+03
>	1516
0	1.230233e+05
>	1517
0	2.809429e+04
>	1518
0	3.981287e+04
>	1519
>	1520
0	1.365223e+04
>	1521
0	1.105717e+03
>	1522
0	5.632910e+03
>	1523
0	4.380320e+04
>	1524
0	1.739419e+04
>	1525
0	1.167034e+04
>	1526
0	4.679536e+04
>	1527
0	1.283069e+04
>	1528
0	1.248956e+04
>	1529
0	8.916744e+01
>	1530
0	1.125863e+04
>	1531
0	8.963402e+04
>	1532
0	1.443145e+04
>	1533
0	1.576359e+04
>	1534
>	1535
>	1536
0	3.846948e+04
>	1537
0	6.888790e+04
>	1538
0	9.221973e+03
>	1539
0	6.028013e+04
>	1540
>	1541
0	2.200712e+04
>	1542
0	6.909745e+04
>	1543
0	1.193553e-02
>	1544
>	1545
0	4.503930e+04
>	1546
0	4.833118e+05
>	1547
0	1.008527e+05
>	1548
0	9.533333e+04
>	1549
0	3.046965e+03
>	1550
0	5.810087e+03
>	1551
0	5.807487e+03
>	1552
0	5.298529e+03
>	1553
0	3.428810e+02
>	1554
0	9.557552e+03
>	1555
0	3.147581e+03
>	1556
0	4.327032e+03
>	1557
0	2.065166e+04
>	1558
>	1559
0	3.468158e+03
>	1560
0	1.110686e+06
>	1561
0	1.364772e+05
>	1562
>	1563
0	8.099843e+04
>	1564
0	9.328780e+04
>	1565
0	1.725569e+04
>	1566
0	4.620400e+03
>	1567
0	1.378276e+04
>	1568
0	4.670044e+03
>	1569
0	4.565369e+03
>	1570
0	3.187780e+04
>	1571
>	1572
>	1573
0	2.951242e+04
>	1574
0	1.166790e+04
>	1575
0	2.467420e+03
>	1576
>	1577
0	7.862041e+04
>	1578
0	6.049150e+03
>	1579
0	4.556911e+01
>	1580
0	2.507095e+04
>	1581
0	4.477155e+03
>	1582
0	5.159952e+04
>	1583
0	4.998788e+03
>	1584
0	1.287540e+05
>	1585
0	3.282413e+03
>	1586
0	5.271421e+03
>	1587
0	1.898665e+04
>	1588
0	8.027313e+03
>	1589
0	2.549540e+04
>	1590
0	1.648052e+04
>	1591
0	3.672450e+04
>	1592
0	3.616197e+03
>	1593
0	1.618789e+04
>	1594
0	1.259759e+04
>	1595
>	1596
0	1.136599e+04
>	1597
0	2.534567e+04
>	1598
0	2.273969e+05
>	1599
0	4.180881e+04
>	1600
0	3.994749e+03
>	1601
0	7.085451e+03
>	1602
0	3.621753e+04
>	1603
>	1604
0	5.021437e+04
>	1605
>	1606
>	1607
>	1608
0	2.816490e+03
>	1609
0	3.262875e+04
>	1610
>	1611
0	9.184395e+03
>	1612
0	1.057320e+04
>	1613
0	3.366812e+03
>	1614
0	1.176155e+06
>	1615
0	8.079501e+03
>	1616
0	1.899099e+05
>	1617
0	7.254179e+03
>	1618
0	2.172330e+05
>	1619
0	6.943266e+03
>	1620
0	7.507019e+03
>	1621
0	2.457677e+04
>	1622
0	3.993973e+03
>	1623
0	3.510990e+03
>	1624
>	1625
0	4.245604e+05
>	1626
0	3.475350e+04
>	1627
0	4.351784e+04
>	1628
0	1.069405e+04
>	1629
0	1.411973e+03
>	1630
0	1.267032e+04
>	1631
0	6.894745e+02
>	1632
0	2.201002e+03
>	1633
0	9.568173e+03
>	1634
0	5.659340e+03
>	1635
0	6.247078e+03
>	1636
0	1.558314e+04
>	1637
0	6.312800e+04
>	1638
0	1.184250e+04
>	1639
0	6.708982e+03
>	1640
0	4.225038e+02
>	1641
0	3.556738e+05
>	1642
0	6.775622e+04
>	1643
0	9.068435e+04
>	1644
0	4.649288e+03
>	1645
0	4.761909e+03
>	1646
0	3.654644e+05
>	1647
0	6.795162e+04
>	1648
0	8.155623e+04
>	1649
0	8.921178e+03
>	1650
0	2.874144e+03
>	1651
0	1.080235e+04
>	1652
0	1.253462e+04
>	1653
0	5.899551e+03
>	1654
0	7.004502e+03
>	1655
0	1.085437e+05
>	1656
0	2.472309e+04
>	1657
0	3.663841e+04
>	1658
0	4.474996e+02
>	1659
0	8.786159e+03
>	1660
0	1.931491e+03
>	1661
0	3.352462e+03
>	1662
0	1.213177e+05
>	1663
0	8.188952e+03
>	1664
0	2.423077e+04
>	1665
0	1.935628e+03
>	1666
0	1.197549e+04
>	1667
>	1668
0	9.271166e+03
>	1669
0	4.619732e+04
>	1670
0	2.108878e+04
>	1671
0	2.047299e+04
>	1672
0	6.637843e+04
>	1673
0	1.303510e+04
>	1674
0	1.913303e+04
>	1675
>	1676
0	1.011310e+05
>	1677
0	5.149487e+04
>	1678
0	2.763673e+04
>	1679
0	8.762591e+04
>	1680
0	3.371007e+04
>	1681
0	4.776817e+04
>	1682
0	2.856262e+04
>	1683
0	3.626019e+04
>	1684
0	2.985772e+04
>	1685
0	8.691111e+04
>	1686
0	2.772544e-01
>	1687
0	2.890989e+04
>	1688
0	1.186926e+04
>	1689
>	1690
0	7.809781e+03
>	1691
0	5.230206e+05
>	1692
0	9.912179e+04
>	1693
0	9.057624e+04
>	1694
0	2.959323e+03
>	1695
0	9.660123e+03
>	1696
0	2.011671e+03
>	1697
0	1.869694e+03
>	1698
0	4.400982e+03
>	1699
0	3.946949e+03
>	1700
0	3.846897e+03
>	1701
0	1.852584e+04
>	1702
>	1703
0	3.310719e+03
>	1704
0	1.122466e+06
>	1705
0	1.251975e+05
>	1706
>	1707
0	8.615743e+04
>	1708
0	5.595604e+04
>	1709
0	5.573818e+04
>	1710
0	1.265838e+04
>	1711
0	5.347418e+03
>	1712
0	9.912028e+03
>	1713
0	5.436946e+03
>	1714
0	3.662313e+03
>	1715
0	1.964105e+04
>	1716
0	3.155094e+03
>	1717
>	1718
0	2.807558e+04
>	1719
0	7.033264e+03
>	1720
0	4.996576e+03
>	1721
>	1722
0	8.794515e+04
>	1723
0	3.145275e+03
>	1724
0	1.872349e+01
>	1725
0	1.801823e+04
>	1726
0	1.463842e+04
>	1727
>	1728
0	4.052677e+03
>	1729
0	4.591534e+04
>	1730
0	3.703617e+03
>	1731
0	1.311723e+05
>	1732
0	2.584936e+03
>	1733
0	6.340948e+03
>	1734
0	8.586953e+03
>	1735
0	2.519680e+04
>	1736
0	3.620224e+04
>	1737
>	1738
0	1.744501e+04
>	1739
0	1.429326e+04
>	1740
>	1741
0	2.772345e+04
>	1742
0	2.233345e+05
>	1743
0	4.919652e+04
>	1744
0	1.713239e+04
>	1745
0	3.252917e+04
>	1746
>	1747
0	4.158236e+04
>	1748
>	1749
>	1750
>	1751
>	1752
0	5.216818e+03
>	1753
0	1.373686e+04
>	1754
0	2.066799e+04
>	1755
>	1756
>	1757
>	1758
0	8.080947e+03
>	1759
0	7.771632e+03
>	1760
0	2.167083e+03
>	1761
0	1.158345e+06
>	1762
0	8.669633e+03
>	1763
0	2.165522e+05
>	1764
0	6.773684e+03
>	1765
0	2.084139e+05
>	1766
0	7.865872e+03
>	1767
0	9.876226e+03
>	1768
0	2.264760e+04
>	1769
0	2.152704e+02
>	1770
0	7.845318e+03
>	1771
0	4.246414e+03
>	1772
0	1.605287e+03
>	1773
>	1774
0	4.056882e+05
>	1775
0	5.405928e+04
>	1776
0	3.363210e+04
>	1777
0	9.382426e+03
>	1778
0	2.119703e+03
>	1779
0	1.439046e+04
>	1780
0	6.234772e+02
>	1781
0	2.440415e+03
>	1782
0	7.306882e+03
>	1783
0	4.806465e+03
>	1784
0	6.934558e+03
>	1785
0	1.893940e+04
>	1786
0	5.487538e+04
>	1787
0	1.304132e+04
>	1788
0	6.328704e+03
>	1789
>	1790
0	2.389715e+03
>	1791
0	3.515943e+03
>	1792
0	3.459957e+05
>	1793
0	5.662488e+04
>	1794
0	7.449631e+04
>	1795
0	3.309929e+01
>	1796
0	3.609093e+05
>	1797
0	6.732935e+04
>	1798
0	8.004402e+04
>	1799
0	3.285576e+03
>	1800
0	2.904395e+03
>	1801
0	1.281962e+04
>	1802
0	1.002493e+04
>	1803
0	4.100447e+03
>	1804
0	6.190494e+03
>	1805
0	9.980447e+04
>	1806
0	3.300363e+04
>	1807
0	2.893624e+04
>	1808
0	9.620393e+03
>	1809
0	1.172046e+04
>	1810
0	1.225739e+05
>	1811
0	1.882516e+04
>	1812
0	4.657958e+04
>	1813
0	2.089242e+03
>	1814
0	1.131768e+04
>	1815
0	1.145239e+04
>	1816
0	3.286935e+03
>	1817
0	4.732127e+04
>	1818
0	9.154327e+03
>	1819
0	1.920614e+04
>	1820
0	2.203461e+02
>	1821
0	5.058902e+04
>	1822
0	1.772469e+04
>	1823
0	1.288288e+04
>	1824
>	1825
0	7.493435e+03
>	1826
0	1.307925e+04
>	1827
0	1.002269e+05
>	1828
0	5.352632e+04
>	1829
0	3.949821e+04
>	1830
0	1.014501e+05
>	1831
0	1.634741e+04
>	1832
0	4.021083e+04
>	1833
0	2.061972e+04
>	1834
0	4.594174e+04
>	1835
0	6.745850e+03
>	1836
0	5.565212e+04
>	1837
0	1.295265e-02
>	1838
>	1839
0	4.198730e+04
>	1840
>	1841
0	5.259677e+03
>	1842
0	4.582464e+05
>	1843
0	9.764689e+04
>	1844
0	8.451120e+04
>	1845
0	2.508725e+03
>	1846
0	8.118891e+03
>	1847
0	2.966737e+02
>	1848
>	1849
0	2.060676e+04
>	1850
0	2.561265e+03
>	1851
0	1.944277e+03
>	1852
>	1853
>	1854
>	1855
>	1856
0	9.910640e+05
>	1857
0	1.210991e+05
>	1858
0	1.071072e+04
>	1859
0	6.862710e+04
>	1860
0	1.353910e+05
>	1861
0	1.423770e+04
>	1862
0	5.861671e+03
>	1863
0	1.403739e+04
>	1864
0	7.049579e+03
>	1865
0	3.439414e+03
>	1866
0	3.481613e+04
>	1867
>	1868
>	1869
0	2.922143e+04
>	1870
0	1.447043e+04
>	1871
0	1.030078e+05
>	1872
0	1.183146e+04
>	1873
>	1874
0	8.667316e+03
>	1875
0	3.870808e+04
>	1876
0	1.622468e+03
>	1877
0	4.197660e+03
>	1878
0	5.194560e+04
>	1879
0	1.203146e+05
>	1880
0	7.503235e+03
>	1881
0	1.082063e+04
>	1882
0	2.634788e+04
>	1883
0	3.387002e+04
>	1884
>	1885
0	1.400050e+04
>	1886
0	1.060359e+04
>	1887
0	1.628681e+03
>	1888
0	2.650870e+04
>	1889
0	2.112081e+05
>	1890
0	5.392425e+04
>	1891
0	2.800429e+03
>	1892
0	4.470835e+04
>	1893
0	3.696064e+04
>	1894
>	1895
>	1896
>	1897
>	1898
0	6.142286e+03
>	1899
0	1.461666e+04
>	1900
0	1.777824e+04
>	1901
>	1902
>	1903
>	1904
0	7.130973e+03
>	1905
0	1.162735e+06
>	1906
0	1.062018e+04
>	1907
0	2.324885e+05
>	1908
0	7.612396e+03
>	1909
0	2.060024e+05
>	1910
0	1.175286e+03
>	1911
0	8.663060e+03
>	1912
0	1.596579e+04
>	1913
0	1.168761e+04
>	1914
0	4.048623e+05
>	1915
0	7.094189e+04
>	1916
0	8.041482e+04
>	1917
0	2.705384e+03
>	1918
0	2.778723e+03
>	1919
0	1.251012e+04
>	1920
0	7.034214e+02
>	1921
0	8.400425e+03
>	1922
0	4.162798e+03
>	1923
0	2.102056e+04
>	1924
0	5.594847e+04
>	1925
0	1.130368e+04
>	1926
0	3.248608e+03
>	1927
0	4.325680e+03
>	1928
0	2.090947e+03
>	1929
0	3.341530e+05
>	1930
0	7.907690e+04
>	1931
0	8.715348e+04
>	1932
0	3.114202e+03
>	1933
0	3.390256e+03
>	1934
0	3.292337e+03
>	1935
0	3.474130e+05
>	1936
0	6.335018e+04
>	1937
0	2.127453e+04
>	1938
0	8.398765e+03
>	1939
0	2.572023e+03
>	1940
0	1.357401e+04
>	1941
0	1.658643e+04
>	1942
0	3.583162e+03
>	1943
0	7.374242e+03
>	1944
0	1.131404e+05
>	1945
0	3.253803e+04
>	1946
0	3.562485e+04
>	1947
0	6.276702e+03
>	1948
0	8.875651e+03
>	1949
0	1.281639e+03
>	1950
0	1.172495e+03
>	1951
0	1.239776e+05
>	1952
0	8.267237e+03
>	1953
0	1.926494e+04
>	1954
0	1.118614e+03
>	1955
0	7.635608e+03
>	1956
0	6.307896e+03
>	1957
0	1.144391e+03
>	1958
0	8.054202e+03
>	1959
0	5.206302e+03
>	1960
0	7.941034e+01
>	1961
0	3.844190e+03
>	1962
0	6.401271e+04
>	1963
0	1.654656e+04
>	1964
0	1.786371e+04
>	1965
0	2.064508e+03
>	1966
0	8.921662e+03
>	1967
0	6.089764e+04
>	1968
0	1.570586e+04
>	1969
0	1.900505e+04
>	1970
0	4.161315e+03
>	1971
0	1.674337e+04
>	1972
0	6.013212e+03
>	1973
0	9.770828e+04
>	1974
0	4.496270e+04
>	1975
0	4.752442e+04
>	1976
0	7.891898e+04
>	1977
0	5.117012e+04
>	1978
0	2.493143e+04
>	1979
0	4.947490e+04
>	1980
0	2.108950e+04
>	1981
0	2.823751e+04
>	1982
0	1.114702e+04
>	1983
0	2.080867e+04
>	1984
0	6.642768e+04
>	1985
0	1.179307e-02
>	1986
>	1987
0	2.343634e+04
>	1988
>	1989
>	1990
0	3.862390e+04
>	1991
0	1.175213e+04
>	1992
>	1993
>	1994
0	5.246402e+05
>	1995
0	9.473280e+04
>	1996
0	9.170887e+04
>	1997
0	2.962880e+03
>	1998
0	1.564656e+04
>	1999
0	5.528958e+02
>	2000
>	2001
0	1.588257e+04
>	2002
0	4.377481e+03
>	2003
0	3.755236e+03
>	2004
0	1.490694e+03
>	2005
>	2006
>	2007
>	2008
0	1.545930e+04
>	2009
0	1.028722e+06
>	2010
0	1.124944e+05
>	2011
0	8.379010e+03
>	2012
0	7.343246e+04
>	2013
0	1.291334e+05
>	2014
0	1.245021e+04
>	2015
0	1.279875e+04
>	2016
0	1.336417e+04
>	2017
0	2.364910e+03
>	2018
0	9.729282e+03
>	2019
0	3.866680e+04
>	2020
>	2021
>	2022
0	2.859618e+04
>	2023
0	1.039302e+04
>	2024
0	8.838359e+04
>	2025
0	1.062660e+04
>	2026
>	2027
0	1.204441e+04
>	2028
0	3.786399e+04
>	2029
0	3.050066e+03
>	2030
0	5.352699e+04
>	2031
0	1.151027e+05
>	2032
0	1.151419e+04
>	2033
0	7.220330e+03
>	2034
0	1.163912e+04
>	2035
0	2.592111e+04
>	2036
0	3.201105e+04
>	2037
0	1.279436e+03
>	2038
0	9.124418e+03
>	2039
0	1.562509e+04
>	2040
>	2041
0	2.735066e+04
>	2042
0	2.420781e+05
>	2043
0	4.494816e+04
>	2044
0	2.541441e+03
>	2045
0	4.436822e+04
>	2046
0	3.995549e+04
>	2047
>	2048
>	2049
>	2050
0	4.705576e+03
>	2051
0	3.507346e+04
>	2052
>	2053
0	9.189477e+03
>	2054
0	1.193692e+06
>	2055
0	1.060120e+04
>	2056
0	2.195219e+05
>	2057
>	2058
0	2.351231e+05
>	2059
0	8.172710e+03
>	2060
0	2.155321e+03
>	2061
0	4.658434e+02
>	2062
0	1.232954e+04
>	2063
0	2.439205e+04
>	2064
>	2065
0	7.520331e+03
>	2066
0	6.282496e+03
>	2067
0	4.076809e+05
>	2068
0	7.333464e+04
>	2069
0	6.462188e+04
>	2070
0	4.307993e+03
>	2071
0	2.399821e+03
>	2072
0	8.768984e+03
>	2073
0	1.579650e+03
>	2074
0	4.229384e+03
>	2075
0	8.856460e+03
>	2076
0	1.667602e+04
>	2077
0	5.153067e+04
>	2078
0	1.602657e+04
>	2079
0	6.238873e+03
>	2080
0	3.502328e+05
>	2081
0	6.859364e+04
>	2082
0	8.111532e+04
>	2083
0	3.888600e+02
>	2084
0	2.447793e+03
>	2085
0	2.956146e+03
>	2086
0	3.676897e+05
>	2087
0	5.386807e+04
>	2088
0	2.656473e+04
>	2089
0	9.292340e+03
>	2090
0	3.390519e+03
>	2091
0	1.307941e+04
>	2092
0	2.767800e+03
>	2093
0	1.528579e+04
>	2094
0	4.207392e+03
>	2095
0	5.853448e+03
>	2096
0	1.179674e+05
>	2097
0	3.514053e+04
>	2098
0	3.926066e+04
>	2099
0	2.101571e+03
>	2100
0	6.630458e+03
>	2101
0	5.764411e+03
>	2102
0	2.895042e+03
>	2103
0	1.365150e+05
>	2104
0	8.830921e+03
>	2105
0	1.854130e+04
>	2106
0	2.720816e+03
>	2107
0	1.087255e+04
>	2108
0	9.079689e+03
>	2109
0	8.221266e+01
>	2110
0	3.975836e+03
>	2111
0	6.082431e+04
>	2112
0	1.775687e+04
>	2113
0	2.398692e+04
>	2114
0	4.358570e+03
>	2115
0	8.318437e+03
>	2116
0	7.145740e+04
>	2117
0	1.575536e+04
>	2118
0	2.100860e+04
>	2119
>	2120
0	7.295031e+03
>	2121
0	1.118748e+05
>	2122
0	3.424957e+04
>	2123
0	4.694923e+04
>	2124
0	1.159621e+05
>	2125
0	4.093133e+03
>	2126
0	5.705650e+04
>	2127
0	6.568640e+04
>	2128
0	8.002511e+03
>	2129
0	4.719941e+04
>	2130
0	8.727405e+03
>	2131
0	1.984322e+04
>	2132
0	5.723566e+04
>	2133
0	1.852353e-02
>	2134
>	2135
0	4.411689e+04
>	2136
0	4.735271e+05
>	2137
0	9.160017e+04
>	2138
0	8.960689e+04
>	2139
0	1.256634e+03
>	2140
0	9.003894e+03
>	2141
>	2142
>	2143
0	2.954807e+03
>	2144
0	4.046452e+03
>	2145
0	2.109926e+04
>	2146
>	2147
>	2148
0	1.214662e+04
>	2149
0	9.842935e+05
>	2150
0	1.119508e+05
>	2151
0	9.061612e+03
>	2152
0	7.344470e+04
>	2153
0	1.255414e+05
>	2154
0	1.293384e+04
>	2155
0	2.396444e+03
>	2156
0	1.111709e+04
>	2157
0	2.602360e+03
>	2158
0	5.939329e+03
>	2159
0	2.342063e+04
>	2160
0	6.705214e+02
>	2161
>	2162
0	2.901366e+04
>	2163
0	1.257059e+04
>	2164
0	9.598654e+04
>	2165
0	9.676208e+03
>	2166
0	6.790038e+03
>	2167
0	2.869325e+04
>	2168
0	3.096527e+03
>	2169
0	4.613123e+04
>	2170
0	1.129200e+05
>	2171
0	3.870364e+03
>	2172
0	6.203631e+03
>	2173
0	1.233047e+04
>	2174
0	2.394092e+04
>	2175
0	2.901472e+04
>	2176
>	2177
0	8.702347e+03
>	2178
0	1.469632e+04
>	2179
>	2180
0	2.565028e+04
>	2181
0	2.135632e+05
>	2182
0	4.326840e+04
>	2183
0	3.749026e+03
>	2184
0	4.357086e+04
>	2185
0	4.195388e+04
>	2186
>	2187
>	2188
>	2189
0	2.903923e+04
>	2190
0	9.082263e+03
>	2191
0	1.170401e+06
>	2192
0	1.036554e+04
>	2193
0	2.053300e+05
>	2194
>	2195
0	2.124436e+05
>	2196
0	8.713015e+03
>	2197
0	2.027736e+03
>	2198
0	2.090282e+03
>	2199
0	7.909344e+03
>	2200
0	1.752010e+04
>	2201
0	2.097585e+03
>	2202
0	5.326922e+03
>	2203
0	3.924492e+05
>	2204
0	5.482988e+04
>	2205
0	6.868928e+04
>	2206
0	1.308554e+03
>	2207
0	2.809715e+03
>	2208
0	1.177652e+04
>	2209
0	1.434726e+03
>	2210
0	7.908399e+03
>	2211
0	4.382420e+03
>	2212
0	7.642764e+03
>	2213
0	9.735708e+03
>	2214
0	5.215226e+04
>	2215
0	9.617179e+03
>	2216
0	8.221325e+03
>	2217
0	3.306316e+05
>	2218
0	7.995704e+04
>	2219
0	7.012296e+04
>	2220
0	2.442393e+03
>	2221
0	1.173142e+03
>	2222
0	3.113330e+05
>	2223
0	6.539377e+04
>	2224
0	6.631415e+04
>	2225
0	7.065083e+02
>	2226
0	6.666323e+03
>	2227
0	3.369442e+03
>	2228
0	1.322743e+04
>	2229
0	3.598878e+03
>	2230
0	7.126106e+03
>	2231
0	1.134577e+05
>	2232
0	3.707590e+04
>	2233
0	3.063232e+04
>	2234
0	7.681615e+03
>	2235
0	1.055684e+04
>	2236
0	1.680335e+03
>	2237
0	2.082110e+03
>	2238
0	1.234204e+05
>	2239
0	9.352558e+03
>	2240
0	2.440976e+04
>	2241
0	3.096425e+02
>	2242
0	1.719945e+03
>	2243
0	6.087859e+03
>	2244
0	5.751342e+03
>	2245
0	6.872416e+04
>	2246
0	2.164014e+04
>	2247
0	1.603551e+04
>	2248
0	4.600118e+03
>	2249
0	1.224357e+04
>	2250
0	5.682337e+02
>	2251
0	1.463381e+03
>	2252
0	5.086290e+04
>	2253
0	3.818817e+03
>	2254
0	9.505577e+03
>	2255
>	2256
0	1.289829e+05
>	2257
0	3.976565e+04
>	2258
0	4.493674e+04
>	2259
0	8.798781e+04
>	2260
0	3.391278e+04
>	2261
0	5.790129e+03
>	2262
0	1.456973e+04
>	2263
0	6.486017e+04
>	2264
0	1.886044e+04
>	2265
0	2.585616e+04
>	2266
>	2267
0	5.593744e+04
>	2268
0	9.783357e+03
>	2269
0	2.953513e+04
>	2270
0	4.706140e+04
>	2271
>	2272
0	1.768600e+04
>	2273
0	4.872757e+05
>	2274
0	9.857207e+04
>	2275
0	8.688713e+04
>	2276
0	4.147652e+03
>	2277
0	8.631143e+03
>	2278
0	1.989675e+03
>	2279
0	1.120164e+03
>	2280
0	3.298188e+03
>	2281
0	1.953174e+04
>	2282
>	2283
>	2284
0	1.457561e+04
>	2285
0	1.041062e+06
>	2286
0	1.125909e+05
>	2287
0	9.604037e+03
>	2288
0	7.853589e+04
>	2289
0	1.364968e+05
>	2290
0	1.842589e+04
>	2291
0	5.467594e+03
>	2292
0	1.395114e+04
>	2293
0	6.306479e+03
>	2294
0	5.632870e+03
>	2295
0	3.237864e+04
>	2296
0	7.731136e+02
>	2297
>	2298
0	3.023514e+04
>	2299
0	1.408954e+04
>	2300
0	1.067472e+05
>	2301
>	2302
0	1.127581e+04
>	2303
0	3.384294e+04
>	2304
0	4.465248e+03
>	2305
0	5.081199e+04
>	2306
0	1.127200e+05
>	2307
0	6.946223e+03
>	2308
0	5.960158e+03
>	2309
0	1.084413e+04
>	2310
0	2.427089e+04
>	2311
0	2.971506e+04
>	2312
0	2.425090e+03
>	2313
0	1.353212e+04
>	2314
0	1.292165e+04
>	2315
>	2316
0	2.564470e+04
>	2317
0	2.184708e+05
>	2318
0	5.024156e+04
>	2319
0	4.259995e+03
>	2320
0	4.628654e+04
>	2321
0	3.414311e+04
>	2322
>	2323
>	2324
>	2325
0	2.985242e+04
>	2326
0	1.189574e+06
>	2327
0	9.395267e+03
>	2328
0	2.170459e+05
>	2329
0	6.551109e+03
>	2330
0	2.188475e+05
>	2331
0	1.358906e+04
>	2332
0	4.718325e+03
>	2333
0	2.404181e+04
>	2334
>	2335
0	5.551062e+03
>	2336
0	4.242599e+05
>	2337
0	8.506931e+04
>	2338
0	8.129483e+04
>	2339
0	3.423085e+03
>	2340
0	3.789129e+03
>	2341
0	1.010612e+04
>	2342
0	6.767003e+02
>	2343
0	9.790360e+03
>	2344
0	5.606704e+03
>	2345
0	1.475553e+04
>	2346
0	5.283810e+04
>	2347
0	1.082263e+04
>	2348
0	4.669445e+03
>	2349
0	3.346919e+05
>	2350
0	6.908205e+04
>	2351
0	8.098116e+04
>	2352
0	3.253534e+03
>	2353
0	4.374168e+03
>	2354
0	3.589308e+05
>	2355
0	6.983830e+04
>	2356
0	8.870328e+04
>	2357
>	2358
0	1.339784e+04
>	2359
0	1.816188e+04
>	2360
0	2.980903e+03
>	2361
0	4.126416e+03
>	2362
0	1.046963e+05
>	2363
0	3.188241e+04
>	2364
0	3.434950e+04
>	2365
0	4.481556e+03
>	2366
0	1.070686e+04
>	2367
0	1.221557e+03
>	2368
0	3.221616e+03
>	2369
0	1.058838e+05
>	2370
0	1.393509e+04
>	2371
0	2.181888e+04
>	2372
0	2.758738e+03
>	2373
0	1.343021e+03
>	2374
0	8.286465e+03
>	2375
0	5.346425e+04
>	2376
0	2.107478e+04
>	2377
0	1.002320e+04
>	2378
0	8.026890e+02
>	2379
0	3.822012e+03
>	2380
0	5.399055e+04
>	2381
0	1.289174e+04
>	2382
0	1.739236e+04
>	2383
>	2384
0	1.282485e+05
>	2385
0	2.014196e+04
>	2386
0	4.965004e+04
>	2387
0	9.272009e+04
>	2388
0	3.149215e+04
>	2389
0	5.278383e+04
>	2390
0	3.004290e+03
>	2391
0	3.461301e+04
>	2392
0	5.543808e+04
>	2393
0	1.402412e+04
>	2394
0	4.036073e+04
>	2395
0	3.331585e+04
>	2396
>	2397
0	9.262804e+03
>	2398
0	4.582874e+03
>	2399
0	9.488342e+03
>	2400
0	1.075585e+04
>	2401
>	2402
0	1.993026e+04
>	2403
0	7.893775e+00
>	2404
0	4.428133e-01
>	2405
0	6.870286e+04
>	2406
0	1.016115e+05
>	2407
>	2408
0	2.984243e+04
>	2409
>	2410
>	2411
0	7.721001e+03
>	2412
>	2413
>	2414
>	2415
>	2416
>	2417
0	4.213659e+03
>	2418
0	1.761990e+01
>	2419
>	2420
>	2421
>	2422
0	2.727150e+03
>	2423
>	2424
>	2425
>	2426
0	1.135177e+02
>	2427
>	2428
>	2429
>	2430
>	2431
>	2432
>	2433
>	2434
>	2435
>	2436
>	2437
0	3.955441e+02
>	2438
>	2439
0	2.944912e+03
>	2440
>	2441
0	2.678416e+03
>	2442
>	2443
>	2444
>	2445
>	2446
>	2447
>	2448
0	6.069842e+03
>	2449
0	2.847844e+03
>	2450
>	2451
>	2452
>	2453
>	2454
0	1.238205e+04
>	2455
>	2456
>	2457
>	2458
>	2459
>	2460
0	2.181871e+04
>	2461
0	3.165959e+03
>	2462
0	7.539148e+03
>	2463
>	2464
0	1.592520e+03
>	2465
>	2466
>	2467
>	2468
>	2469
>	2470
0	7.731716e+03
>	2471
0	3.670513e+03
>	2472
0	9.640460e+03
>	2473
0	6.069429e+03
>	2474
0	4.386217e+03
>	2475
>	2476
>	2477
>	2478
>	2479
0	6.495949e+03
>	2480
>	2481
0	4.903634e+03
>	2482
0	1.349798e+04
>	2483
0	5.409831e+03
>	2484
0	3.889923e+03
>	2485
>	2486
>	2487
0	9.070142e+02
>	2488
0	1.224097e+04
>	2489
>	2490
>	2491
0	5.774599e+02
>	2492
>	2493
>	2494
0	4.181935e+03
>	2495
>	2496
>	2497
>	2498
0	1.547919e+04
>	2499
0	2.268348e+04
>	2500
0	9.855351e+03
>	2501
0	1.035972e+04
>	2502
>	2503
>	2504
>	2505
0	4.447729e+01
>	2506
>	2507
>	2508
>	2509
0	3.334926e+03
>	2510
>	2511
>	2512
>	2513
0	3.838296e+03
>	2514
>	2515
>	2516
>	2517
0	6.707304e+02
>	2518
>	2519
>	2520
>	2521
>	2522
>	2523
>	2524
>	2525
0	1.211052e+02
>	2526
>	2527
>	2528
>	2529
>	2530
0	3.681196e+03
>	2531
0	9.147962e+03
>	2532
0	5.908380e+03
>	2533
0	2.185136e+02
>	2534
0	8.512199e+03
>	2535
0	1.087808e+03
>	2536
>	2537
>	2538
>	2539
0	8.776072e+03
>	2540
0	6.400401e+04
>	2541
0	6.050579e+04
>	2542
>	2543
0	2.029894e+04
>	2544
>	2545
>	2546
0	6.343047e+03
>	2547
0	5.051267e+03
>	2548
>	2549
>	2550
>	2551
>	2552
0	6.040032e+02
>	2553
>	2554
>	2555
>	2556
>	2557
0	2.366104e+03
>	2558
>	2559
>	2560
>	2561
>	2562
>	2563
>	2564
>	2565
0	4.619316e+02
>	2566
>	2567
0	6.789944e+02
>	2568
>	2569
>	2570
>	2571
0	1.603261e+03
>	2572
>	2573
>	2574
>	2575
>	2576
0	5.876372e+02
>	2577
>	2578
>	2579
0	4.244816e+03
>	2580
>	2581
>	2582
>	2583
>	2584
>	2585
>	2586
>	2587
0	1.593786e+04
>	2588
>	2589
>	2590
>	2591
0	1.242049e+04
>	2592
0	5.508213e+03
>	2593
0	1.909043e+04
>	2594
>	2595
0	1.787461e+03
>	2596
>	2597
>	2598
>	2599
0	2.587513e+03
>	2600
0	1.133212e+04
>	2601
0	1.538670e+03
>	2602
0	7.255093e+03
>	2603
0	2.415419e+03
>	2604
0	7.713940e+03
>	2605
>	2606
>	2607
0	1.692695e+01
>	2608
>	2609
0	5.233294e+03
>	2610
>	2611
0	4.247840e+03
>	2612
0	6.083079e+03
>	2613
0	8.406847e+03
>	2614
0	2.430655e+03
>	2615
>	2616
>	2617
0	9.878317e+03
>	2618
0	5.542325e+03
>	2619
0	3.970565e+03
>	2620
>	2621
>	2622
>	2623
0	1.102524e+02
>	2624
>	2625
>	2626
0	1.383780e+03
>	2627
>	2628
>	2629
>	2630
0	1.756560e+04
>	2631
0	2.155880e+04
>	2632
0	1.101800e+04
>	2633
0	6.895237e+03
>	2634
>	2635
>	2636
>	2637
>	2638
>	2639
>	2640
>	2641
>	2642
0	2.354624e+03
>	2643
>	2644
>	2645
>	2646
0	2.226972e+03
>	2647
>	2648
>	2649
>	2650
>	2651
>	2652
>	2653
>	2654
>	2655
>	2656
0	4.871787e+02
>	2657
>	2658
0	1.226905e+04
>	2659
>	2660
>	2661
>	2662
>	2663
>	2664
0	2.798413e+03
>	2665
0	8.203205e+03
>	2666
0	7.643665e+03
>	2667
0	1.661783e+02
>	2668
0	1.156688e+04
>	2669
0	1.173021e+03
>	2670
>	2671
>	2672
0	1.953548e+02
>	2673
>	2674
0	1.103997e+04
>	2675
0	4.334492e+04
>	2676
0	8.539814e+04
>	2677
>	2678
0	2.720700e+04
>	2679
>	2680
>	2681
0	7.449988e+03
>	2682
0	6.114301e+02
>	2683
>	2684
>	2685
>	2686
0	7.243005e+03
>	2687
0	9.418649e+02
>	2688
>	2689
>	2690
>	2691
>	2692
0	4.405017e+01
>	2693
0	1.326193e+04
>	2694
0	2.845925e+03
>	2695
>	2696
0	1.985555e+04
>	2697
0	9.304571e+02
>	2698
0	2.374032e+04
>	2699
0	6.070356e+03
>	2700
0	3.839371e+03
>	2701
>	2702
>	2703
>	2704
>	2705
>	2706
>	2707
0	1.797319e+03
>	2708
>	2709
>	2710
>	2711
0	2.633539e+03
>	2712
>	2713
>	2714
>	2715
>	2716
>	2717
>	2718
0	6.809535e+02
>	2719
>	2720
>	2721
0	2.470731e+03
>	2722
0	8.227902e+02
>	2723
>	2724
>	2725
>	2726
>	2727
>	2728
>	2729
0	1.183992e+04
>	2730
>	2731
>	2732
>	2733
0	5.197465e+03
>	2734
>	2735
0	1.531872e+04
>	2736
0	1.186390e+03
>	2737
0	1.667894e+04
>	2738
>	2739
0	2.997398e+03
>	2740
>	2741
>	2742
>	2743
0	1.274547e+03
>	2744
0	1.088555e+04
>	2745
0	2.201542e+03
>	2746
0	1.074817e+04
>	2747
0	3.783521e+03
>	2748
0	3.534946e+03
>	2749
>	2750
>	2751
0	1.222699e+00
>	2752
>	2753
0	3.755433e+02
>	2754
0	2.630441e+03
>	2755
0	8.573602e+03
>	2756
>	2757
0	8.815301e+03
>	2758
0	4.524847e+03
>	2759
0	3.215766e+03
>	2760
>	2761
>	2762
0	7.120106e+03
>	2763
0	9.292753e+03
>	2764
0	2.894747e+03
>	2765
>	2766
>	2767
0	3.274723e+01
>	2768
>	2769
>	2770
>	2771
>	2772
0	1.371196e+03
>	2773
>	2774
>	2775
>	2776
0	1.343050e+04
>	2777
0	2.481398e+04
>	2778
0	1.297046e+04
>	2779
0	6.299378e+03
>	2780
>	2781
>	2782
>	2783
>	2784
>	2785
>	2786
0	1.202748e+02
>	2787
>	2788
0	4.280004e+03
>	2789
>	2790
>	2791
>	2792
0	7.030726e+03
>	2793
0	4.717409e+03
>	2794
>	2795
>	2796
>	2797
>	2798
>	2799
>	2800
0	1.548145e+01
>	2801
>	2802
>	2803
>	2804
>	2805
>	2806
0	1.332519e+04
>	2807
0	1.119842e+02
>	2808
>	2809
>	2810
>	2811
>	2812
>	2813
>	2814
>	2815
>	2816
0	5.904727e+03
>	2817
>	2818
0	5.524386e+03
>	2819
0	4.424613e+03
>	2820
0	9.326353e+01
>	2821
0	1.038031e+04
>	2822
0	8.244378e+02
>	2823
>	2824
>	2825
0	2.465532e+02
>	2826
0	8.653611e+03
>	2827
0	9.655934e+04
>	2828
0	9.726372e+04
>	2829
>	2830
0	3.057714e+04
>	2831
>	2832
>	2833
0	9.098635e+03
>	2834
0	2.292031e+03
>	2835
>	2836
>	2837
>	2838
>	2839
>	2840
>	2841
>	2842
0	4.543678e+02
>	2843
>	2844
0	1.242099e+04
>	2845
0	4.601136e+03
>	2846
>	2847
0	1.626424e+04
>	2848
>	2849
0	1.471929e+04
>	2850
0	4.987111e+03
>	2851
0	3.557220e+02
>	2852
>	2853
0	1.695720e+04
>	2854
>	2855
>	2856
0	2.216588e+03
>	2857
>	2858
>	2859
>	2860
0	2.979761e+02
>	2861
>	2862
0	4.055120e+02
>	2863
>	2864
>	2865
>	2866
0	3.544377e+03
>	2867
>	2868
>	2869
>	2870
0	8.851024e+03
>	2871
>	2872
>	2873
>	2874
>	2875
>	2876
0	1.402660e+04
>	2877
>	2878
0	4.232570e+03
>	2879
0	1.334924e+04
>	2880
0	4.621742e+03
>	2881
0	1.049768e+04
>	2882
>	2883
0	4.061997e+03
>	2884
>	2885
>	2886
>	2887
>	2888
0	3.932161e+04
>	2889
0	4.462547e+04
>	2890
0	1.196986e+04
>	2891
0	2.779274e+03
>	2892
0	7.008669e+03
>	2893
0	4.660649e+03
>	2894
0	7.428515e+03
>	2895
>	2896
>	2897
0	3.853880e+02
>	2898
0	1.269747e+02
>	2899
0	7.082518e+02
>	2900
0	3.773518e+03
>	2901
0	5.054611e+03
>	2902
>	2903
0	8.710587e+03
>	2904
0	7.531286e+03
>	2905
>	2906
>	2907
0	1.166291e+04
>	2908
0	5.388254e+03
>	2909
0	5.068249e+03
>	2910
>	2911
>	2912
0	5.887811e+02
>	2913
>	2914
>	2915
>	2916
>	2917
0	4.492754e+03
>	2918
>	2919
>	2920
>	2921
0	1.298988e+04
>	2922
0	2.989892e+03
>	2923
>	2924
>	2925
>	2926
>	2927
>	2928
>	2929
0	5.106381e+01
>	2930
>	2931
0	3.729872e+03
>	2932
>	2933
>	2934
>	2935
0	9.145584e+03
>	2936
0	1.203268e+04
>	2937
0	4.298240e+03
>	2938
0	4.205413e+03
>	2939
>	2940
>	2941
>	2942
>	2943
>	2944
>	2945
>	2946
>	2947
>	2948
>	2949
>	2950
0	2.071118e+04
>	2951
0	6.613802e+02
>	2952
>	2953
>	2954
>	2955
>	2956
>	2957
>	2958
0	5.073748e+03
>	2959
0	1.464596e+03
>	2960
>	2961
0	7.304455e+03
>	2962
0	6.235329e+03
>	2963
0	4.268388e+02
>	2964
0	1.107622e+04
>	2965
0	1.273216e+03
>	2966
>	2967
>	2968
0	4.010933e+03
>	2969
>	2970
0	7.618289e+04
>	2971
0	8.050779e+04
>	2972
>	2973
0	2.355197e+04
>	2974
>	2975
>	2976
0	5.274266e+03
>	2977
>	2978
>	2979
0	2.270888e+03
>	2980
>	2981
>	2982
0	1.464286e+03
>	2983
0	1.080740e+04
>	2984
>	2985
>	2986
0	2.314610e+02
>	2987
>	2988
>	2989
>	2990
>	2991
0	8.903796e+03
>	2992
>	2993
0	1.764850e+04
>	2994
0	4.379001e+03
>	2995
0	5.223701e+01
>	2996
>	2997
0	1.087541e+04
>	2998
>	2999
>	3000
0	3.601695e+03
>	3001
>	3002
>	3003
>	3004
>	3005
>	3006
>	3007
>	3008
>	3009
0	1.972712e+02
>	3010
>	3011
>	3012
>	3013
>	3014
>	3015
0	2.968608e+03
>	3016
>	3017
>	3018
0	3.548665e+03
>	3019
>	3020
0	1.026901e+04
>	3021
0	1.160918e+04
>	3022
>	3023
0	1.460115e+05
>	3024
0	3.243451e+04
>	3025
0	6.209442e+02
>	3026
0	1.691959e+04
>	3027
>	3028
0	3.864903e+03
>	3029
>	3030
>	3031
>	3032
0	6.347322e+03
>	3033
0	2.131228e+04
>	3034
0	4.776610e+04
>	3035
0	1.393125e+04
>	3036
0	2.403992e+03
>	3037
0	8.893007e+03
>	3038
0	3.226297e+03
>	3039
0	4.026601e+03
>	3040
>	3041
>	3042
>	3043
0	9.787259e+01
>	3044
0	2.340902e+03
>	3045
0	6.428436e+02
>	3046
0	6.084631e+03
>	3047
>	3048
0	9.882279e+03
>	3049
0	7.725089e+03
>	3050
>	3051
>	3052
0	7.376329e+03
>	3053
0	9.090146e+03
>	3054
0	2.828216e+03
>	3055
>	3056
>	3057
0	7.528889e+02
>	3058
>	3059
>	3060
>	3061
0	2.654169e+03
>	3062
>	3063
>	3064
>	3065
0	9.148025e+03
>	3066
0	4.143004e+03
>	3067
>	3068
>	3069
>	3070
>	3071
>	3072
0	1.945075e+03
>	3073
>	3074
>	3075
>	3076
0	1.241663e+04
>	3077
0	1.251804e+04
>	3078
0	6.147212e+03
>	3079
0	6.479656e+03
>	3080
>	3081
>	3082
>	3083
>	3084
>	3085
>	3086
>	3087
>	3088
>	3089
>	3090
>	3091
>	3092
>	3093
>	3094
>	3095
>	3096
>	3097
0	7.078042e+03
>	3098
>	3099
0	8.628466e+03
>	3100
0	8.938336e+03
>	3101
0	1.553131e+03
>	3102
0	1.618380e+04
>	3103
>	3104
>	3105
>	3106
0	5.733674e+03
>	3107
0	9.917790e+04
>	3108
0	8.164850e+04
>	3109
>	3110
0	3.167733e+04
>	3111
>	3112
>	3113
0	1.275503e+04
>	3114
>	3115
>	3116
>	3117
>	3118
0	7.936075e+02
>	3119
0	8.792679e+03
>	3120
>	3121
0	3.622402e+02
>	3122
0	3.232584e+02
>	3123
>	3124
>	3125
>	3126
0	8.465614e+03
>	3127
0	4.639695e+03
>	3128
>	3129
0	2.347652e+04
>	3130
0	2.873250e+03
>	3131
0	1.715527e+04
>	3132
0	6.729052e+03
>	3133
>	3134
0	4.239988e+00
>	3135
0	2.326242e+04
>	3136
>	3137
>	3138
0	2.852018e+03
>	3139
>	3140
>	3141
>	3142
0	5.336685e+03
>	3143
>	3144
0	1.076710e+03
>	3145
>	3146
>	3147
>	3148
0	1.960902e+03
>	3149
>	3150
>	3151
>	3152
>	3153
>	3154
0	3.289026e+03
>	3155
>	3156
>	3157
0	2.933601e+03
>	3158
>	3159
0	1.144670e+04
>	3160
0	1.671487e+04
>	3161
>	3162
>	3163
0	1.293975e+05
>	3164
0	2.518835e+04
>	3165
0	3.097566e+03
>	3166
0	1.331841e+04
>	3167
>	3168
0	4.947291e+03
>	3169
>	3170
>	3171
0	4.046337e+03
>	3172
0	2.233098e+03
>	3173
0	6.512710e+02
>	3174
0	1.517251e+04
>	3175
0	6.206961e+03
>	3176
>	3177
>	3178
0	3.846286e+02
>	3179
0	1.397242e+02
>	3180
0	6.253072e+03
>	3181
>	3182
0	5.730637e+03
>	3183
0	1.211996e+04
>	3184
0	1.438175e+04
>	3185
>	3186
>	3187
0	1.111960e+04
>	3188
0	1.198721e+04
>	3189
>	3190
>	3191
0	1.341991e+02
>	3192
>	3193
>	3194
0	5.054798e+03
>	3195
>	3196
>	3197
>	3198
0	3.908209e+03
>	3199
0	6.842625e+03
>	3200
>	3201
>	3202
>	3203
>	3204
>	3205
>	3206
>	3207
>	3208
>	3209
>	3210
>	3211
0	8.802596e+03
>	3212
>	3213
>	3214
>	3215
>	3216
0	1.285848e+02
>	3217
>	3218
>	3219
>	3220
>	3221
>	3222
>	3223
>	3224
>	3225
>	3226
>	3227
>	3228
>	3229
>	3230
>	3231
0	4.909822e+03
>	3232
>	3233
0	6.378867e+03
>	3234
0	6.664924e+03
>	3235
0	9.221706e+02
>	3236
0	1.205141e+04
>	3237
0	1.273015e+03
>	3238
>	3239
>	3240
0	1.067224e+04
>	3241
0	7.578753e+04
>	3242
0	7.548067e+04
>	3243
>	3244
0	2.539086e+04
>	3245
>	3246
>	3247
0	6.874549e+03
>	3248
>	3249
>	3250
0	3.846329e+03
>	3251
>	3252
>	3253
>	3254
>	3255
>	3256
>	3257
>	3258
>	3259
0	1.154299e+04
>	3260
0	7.099853e+03
>	3261
>	3262
>	3263
>	3264
>	3265
>	3266
0	2.024554e+04
>	3267
>	3268
>	3269
0	1.773875e+03
>	3270
>	3271
>	3272
>	3273
0	2.332948e+03
>	3274
>	3275
>	3276
>	3277
0	2.991299e+02
>	3278
>	3279
0	1.433005e+03
>	3280
>	3281
>	3282
>	3283
>	3284
>	3285
0	8.829453e+03
>	3286
>	3287
>	3288
>	3289
>	3290
>	3291
0	1.452701e+04
>	3292
>	3293
>	3294
>	3295
>	3296
0	3.162097e+04
>	3297
0	5.212989e+03
>	3298
0	1.421951e+04
>	3299
>	3300
0	1.679875e+03
>	3301
>	3302
>	3303
0	1.200405e+02
>	3304
0	4.653756e+03
>	3305
0	2.209633e+03
>	3306
0	9.508945e+03
>	3307
0	3.042758e+03
>	3308
0	5.262397e+03
>	3309
>	3310
>	3311
0	2.479800e+02
>	3312
0	1.306297e+02
>	3313
0	1.014075e+03
>	3314
>	3315
0	4.259144e+03
>	3316
0	4.078070e+01
>	3317
0	1.526522e+04
>	3318
0	6.196962e+03
>	3319
>	3320
>	3321
0	1.153428e+01
>	3322
0	1.275309e+04
>	3323
0	8.242253e+03
>	3324
0	2.319885e+03
>	3325
>	3326
>	3327
>	3328
>	3329
>	3330
>	3331
0	3.392925e+03
>	3332
>	3333
>	3334
>	3335
0	1.251393e+04
>	3336
0	2.336706e+04
>	3337
0	1.381417e+04
>	3338
0	8.852400e+03
>	3339
>	3340
>	3341
>	3342
>	3343
>	3344
>	3345
>	3346
>	3347
0	5.004084e+03
>	3348
>	3349
>	3350
>	3351
0	3.597237e+03
>	3352
0	1.616273e+03
>	3353
>	3354
>	3355
>	3356
>	3357
>	3358
>	3359
>	3360
>	3361
>	3362
>	3363
>	3364
>	3365
0	9.270982e+02
>	3366
>	3367
>	3368
>	3369
>	3370
0	3.543918e+03
>	3371
0	8.950563e+03
>	3372
0	5.758376e+03
>	3373
0	8.422276e+02
>	3374
0	9.331222e+03
>	3375
0	8.764529e+03
>	3376
>	3377
>	3378
>	3379
0	2.384733e+03
>	3380
0	6.171929e+04
>	3381
0	9.406685e+04
>	3382
>	3383
0	1.830598e+04
>	3384
>	3385
>	3386
0	4.579592e+03
>	3387
0	7.022596e+03
>	3388
>	3389
>	3390
>	3391
0	2.227668e+04
>	3392
0	3.391977e+03
>	3393
>	3394
>	3395
>	3396
0	1.136506e+04
>	3397
>	3398
0	1.046877e+04
>	3399
>	3400
>	3401
>	3402
>	3403
>	3404
>	3405
>	3406
>	3407
0	3.481035e+03
>	3408
>	3409
>	3410
>	3411
0	2.203724e+02
>	3412
>	3413
0	3.091668e+03
>	3414
>	3415
>	3416
>	3417
>	3418
0	4.841796e+02
>	3419
>	3420
>	3421
>	3422
0	8.788472e+03
>	3423
0	7.514514e+03
>	3424
0	2.272009e+04
>	3425
>	3426
>	3427
>	3428
>	3429
>	3430
>	3431
0	1.342023e+04
>	3432
>	3433
>	3434
>	3435
0	1.596322e+03
>	3436
>	3437
>	3438
>	3439
>	3440
0	1.605039e+04
>	3441
0	2.148769e+03
>	3442
0	1.601722e+04
>	3443
>	3444
0	3.465191e+03
>	3445
>	3446
>	3447
0	1.030311e+03
>	3448
>	3449
0	5.017029e+03
>	3450
0	2.132444e+03
>	3451
0	7.746591e+03
>	3452
0	4.615094e+03
>	3453
0	4.770062e+03
>	3454
>	3455
>	3456
>	3457
>	3458
>	3459
0	1.178067e+02
>	3460
0	3.994109e+03
>	3461
>	3462
0	4.268087e+03
>	3463
0	4.397972e+01
>	3464
0	1.613099e+04
>	3465
0	1.268647e+04
>	3466
>	3467
>	3468
>	3469
0	1.235950e+04
>	3470
0	5.281475e+03
>	3471
0	4.357581e+03
>	3472
>	3473
>	3474
>	3475
0	6.458452e+02
>	3476
>	3477
>	3478
>	3479
0	4.556822e+03
>	3480
>	3481
>	3482
>	3483
0	1.969600e+04
>	3484
0	2.611576e+04
>	3485
0	9.746419e+03
>	3486
0	8.547620e+03
>	3487
>	3488
>	3489
>	3490
0	1.220339e+02
>	3491
>	3492
>	3493
>	3494
>	3495
0	2.679680e+03
>	3496
>	3497
>	3498
>	3499
0	1.025001e+02
>	3500
0	6.494894e+02
>	3501
>	3502
>	3503
>	3504
>	3505
0	2.346615e+03
>	3506
>	3507
>	3508
>	3509
>	3510
>	3511
>	3512
>	3513
>	3514
>	3515
0	4.278764e+04
>	3516
0	9.619325e+03
>	3517
>	3518
>	3519
>	3520
0	5.541463e+03
>	3521
0	9.243598e+03
>	3522
0	1.156579e+04
>	3523
>	3524
0	1.738651e+04
>	3525
0	5.296014e+00
>	3526
0	2.970880e-01
>	3527
0	1.194174e+04
>	3528
0	1.194162e+04
>	3529
>	3530
0	2.223752e+04
>	3531
0	4.664552e+04
>	3532
0	6.123510e+04
>	3533
0	3.106115e+03
>	3534
0	2.470444e+04
>	3535
>	3536
>	3537
0	6.880994e+03
>	3538
>	3539
>	3540
0	3.264402e+03
>	3541
>	3542
>	3543
>	3544
0	1.617784e+04
>	3545
0	3.351432e+03
>	3546
>	3547
>	3548
>	3549
>	3550
0	1.559901e+04
>	3551
>	3552
0	3.107578e+04
>	3553
0	2.207527e+02
>	3554
>	3555
>	3556
0	1.585020e+04
>	3557
>	3558
0	1.157530e+03
>	3559
>	3560
>	3561
>	3562
>	3563
0	3.046892e+03
>	3564
>	3565
0	1.234402e+02
>	3566
>	3567
>	3568
0	6.182491e+02
>	3569
>	3570
>	3571
>	3572
>	3573
>	3574
0	3.834001e+03
>	3575
0	4.946747e+03
>	3576
>	3577
0	1.817515e+04
>	3578
>	3579
>	3580
>	3581
>	3582
>	3583
0	2.748986e+02
>	3584
0	1.300805e+04
>	3585
>	3586
>	3587
>	3588
>	3589
0	3.615036e+03
>	3590
>	3591
>	3592
>	3593
0	1.322575e+04
>	3594
>	3595
0	1.201214e+04
>	3596
>	3597
0	3.610007e+03
>	3598
>	3599
>	3600
>	3601
>	3602
>	3603
>	3604
0	3.068686e+03
>	3605
0	2.464579e+03
>	3606
0	1.071205e+04
>	3607
0	4.993464e+02
>	3608
0	6.119843e+03
>	3609
>	3610
>	3611
>	3612
>	3613
0	1.460542e+01
>	3614
>	3615
>	3616
0	2.111186e+02
>	3617
>	3618
0	5.416620e+03
>	3619
0	9.545024e+03
>	3620
0	1.025395e+04
>	3621
>	3622
>	3623
0	9.672772e+03
>	3624
0	4.199330e+03
>	3625
0	3.881591e+03
>	3626
>	3627
>	3628
>	3629
0	1.259173e+03
>	3630
>	3631
>	3632
>	3633
0	5.271578e+02
>	3634
>	3635
>	3636
>	3637
0	1.702975e+04
>	3638
0	1.888855e+04
>	3639
0	1.203234e+04
>	3640
0	7.348325e+03
>	3641
>	3642
>	3643
>	3644
>	3645
>	3646
>	3647
>	3648
0	2.479869e+03
>	3649
>	3650
>	3651
>	3652
0	3.675831e+03
>	3653
>	3654
>	3655
>	3656
>	3657
>	3658
>	3659
>	3660
>	3661
>	3662
>	3663
>	3664
>	3665
0	3.778082e+04
>	3666
0	6.060941e+03
>	3667
>	3668
0	9.779440e+03
>	3669
0	1.160923e+04
>	3670
0	3.629233e+03
>	3671
>	3672
0	1.403768e+04
>	3673
>	3674
>	3675
0	2.194024e+02
>	3676
0	1.211494e+04
>	3677
0	1.211477e+04
>	3678
>	3679
0	2.010618e+04
>	3680
0	3.501789e+04
>	3681
0	6.703724e+04
>	3682
>	3683
0	2.706418e+04
>	3684
>	3685
>	3686
0	8.263094e+03
>	3687
>	3688
>	3689
0	2.454375e+03
>	3690
>	3691
>	3692
>	3693
0	6.891214e+03
>	3694
0	4.894600e+03
>	3695
>	3696
>	3697
>	3698
>	3699
>	3700
0	5.564785e+02
>	3701
>	3702
>	3703
0	2.066848e+04
>	3704
>	3705
0	1.632718e+03
>	3706
>	3707
>	3708
>	3709
>	3710
>	3711
>	3712
>	3713
>	3714
>	3715
>	3716
0	1.372807e+03
>	3717
>	3718
>	3719
>	3720
>	3721
>	3722
>	3723
0	1.044793e+04
>	3724
>	3725
>	3726
>	3727
>	3728
0	8.224107e+01
>	3729
0	1.388276e+04
>	3730
>	3731
>	3732
>	3733
>	3734
0	3.799958e+03
>	3735
0	1.573134e+04
>	3736
0	2.714027e+03
>	3737
0	1.399222e+04
>	3738
>	3739
0	2.676340e+03
>	3740
>	3741
>	3742
>	3743
0	1.355276e+03
>	3744
0	5.555016e+03
>	3745
0	2.826679e+03
>	3746
0	1.380083e+04
>	3747
0	4.316504e+03
>	3748
>	3749
>	3750
>	3751
>	3752
>	3753
0	3.284381e+02
>	3754
>	3755
0	1.620382e+03
>	3756
>	3757
0	3.887435e+03
>	3758
0	1.113701e+04
>	3759
0	1.534961e+03
>	3760
0	4.654810e+03
>	3761
>	3762
>	3763
0	4.445492e+04
>	3764
0	2.200118e+04
>	3765
0	6.966743e+03
>	3766
0	3.417476e+03
>	3767
>	3768
>	3769
>	3770
>	3771
>	3772
>	3773
0	5.592659e+03
>	3774
>	3775
>	3776
>	3777
0	1.399257e+04
>	3778
0	7.569610e+03
>	3779
>	3780
>	3781
>	3782
>	3783
>	3784
>	3785
>	3786
>	3787
>	3788
0	1.005662e+03
>	3789
>	3790
>	3791
>	3792
>	3793
>	3794
>	3795
>	3796
0	3.699953e+03
>	3797
>	3798
>	3799
0	3.637455e+02
>	3800
>	3801
>	3802
>	3803
>	3804
>	3805
>	3806
>	3807
>	3808
0	1.020570e+04
>	3809
0	6.437204e+03
>	3810
0	9.394314e+03
>	3811
>	3812
0	2.139268e+04
>	3813
>	3814
>	3815
>	3816
0	1.491411e+02
>	3817
0	2.524044e+04
>	3818
>	3819
0	2.134217e+04
>	3820
0	7.862189e+04
>	3821
0	6.155193e+04
>	3822
>	3823
0	1.264020e+04
>	3824
>	3825
>	3826
0	5.775948e+03
>	3827
0	4.305712e+03
>	3828
>	3829
>	3830
>	3831
>	3832
>	3833
>	3834
>	3835
>	3836
0	1.397219e+04
>	3837
>	3838
0	2.766016e+04
>	3839
0	4.214509e+03
>	3840
>	3841
>	3842
>	3843
>	3844
>	3845
>	3846
>	3847
0	1.053349e+03
>	3848
>	3849
>	3850
0	1.354216e+02
>	3851
>	3852
>	3853
>	3854
>	3855
>	3856
>	3857
>	3858
>	3859
>	3860
>	3861
0	1.231033e+04
>	3862
>	3863
>	3864
>	3865
>	3866
>	3867
0	1.470943e+04
>	3868
0	2.885511e+03
>	3869
0	1.477246e+04
>	3870
>	3871
0	5.653437e+03
>	3872
>	3873
>	3874
>	3875
>	3876
0	8.216810e+03
>	3877
0	4.902265e+04
>	3878
0	1.297601e+04
>	3879
0	5.289374e+03
>	3880
0	7.907997e+03
>	3881
0	2.777036e+03
>	3882
0	4.752636e+03
>	3883
>	3884
>	3885
>	3886
>	3887
>	3888
>	3889
>	3890
0	3.573663e+03
>	3891
0	3.223555e+03
>	3892
>	3893
>	3894
0	7.079192e+03
>	3895
0	3.842051e+03
>	3896
0	3.184707e+03
>	3897
>	3898
>	3899
0	6.205019e+04
>	3900
0	1.311278e+04
>	3901
0	8.403269e+03
>	3902
0	3.886011e+03
>	3903
>	3904
>	3905
>	3906
0	9.203163e+02
>	3907
>	3908
>	3909
0	4.479605e+03
>	3910
>	3911
>	3912
>	3913
0	4.288455e+03
>	3914
0	8.226912e+03
>	3915
>	3916
>	3917
>	3918
>	3919
>	3920
>	3921
>	3922
>	3923
>	3924
0	4.195130e+03
>	3925
>	3926
>	3927
>	3928
>	3929
>	3930
>	3931
>	3932
0	3.427669e+03
>	3933
>	3934
>	3935
0	1.028900e+03
>	3936
>	3937
>	3938
>	3939
>	3940
0	6.909745e+04
>	3941
>	3942
>	3943
>	3944
0	9.673482e+03
>	3945
0	5.305830e+03
>	3946
0	5.912678e+03
>	3947
0	5.458979e+02
>	3948
0	4.823096e+03
>	3949
0	4.484242e+02
>	3950
0	4.929364e+03
>	3951
>	3952
>	3953
>	3954
0	5.133927e+03
>	3955
0	6.109871e+04
>	3956
0	9.741721e+04
>	3957
>	3958
0	2.445977e+04
>	3959
>	3960
>	3961
0	9.361555e+03
>	3962
0	2.253121e+03
>	3963
>	3964
>	3965
>	3966
>	3967
>	3968
>	3969
>	3970
>	3971
>	3972
0	1.254223e+04
>	3973
0	1.111919e+03
>	3974
0	3.597235e+04
>	3975
0	3.307604e+03
>	3976
>	3977
>	3978
>	3979
>	3980
>	3981
0	3.763873e+01
>	3982
>	3983
>	3984
0	5.680899e+02
>	3985
>	3986
>	3987
>	3988
>	3989
0	9.401840e+02
>	3990
>	3991
>	3992
>	3993
>	3994
>	3995
>	3996
0	3.925373e+02
>	3997
>	3998
>	3999
>	4000
>	4001
>	4002
>	4003
>	4004
0	1.143465e+04
>	4005
>	4006
>	4007
>	4008
0	3.039780e+03
>	4009
>	4010
>	4011
>	4012
0	1.802979e+04
>	4013
0	4.152101e+03
>	4014
0	1.346541e+04
>	4015
>	4016
0	5.038384e+03
>	4017
>	4018
>	4019
>	4020
>	4021
0	1.879282e+04
>	4022
0	4.555053e+04
>	4023
0	1.376947e+04
>	4024
0	1.868561e+03
>	4025
0	3.747060e+03
>	4026
0	3.347167e+03
>	4027
0	3.202419e+03
>	4028
>	4029
>	4030
>	4031
0	6.328614e+01
>	4032
>	4033
>	4034
>	4035
0	7.700099e+02
>	4036
0	1.095651e+03
>	4037
0	5.924333e+03
>	4038
>	4039
0	4.548149e+03
>	4040
0	1.077161e+04
>	4041
0	2.136426e+03
>	4042
>	4043
>	4044
0	4.429223e+03
>	4045
0	7.447698e+03
>	4046
0	4.053693e+03
>	4047
>	4048
>	4049
>	4050
0	3.448902e+02
>	4051
>	4052
>	4053
0	4.289270e+03
>	4054
>	4055
>	4056
>	4057
0	1.587350e+04
>	4058
0	2.608750e+04
>	4059
0	1.039737e+04
>	4060
0	6.279741e+03
>	4061
>	4062
>	4063
>	4064
>	4065
>	4066
>	4067
>	4068
>	4069
>	4070
0	4.618140e+03
>	4071
>	4072
>	4073
>	4074
0	1.287784e+03
>	4075
>	4076
>	4077
>	4078
>	4079
>	4080
>	4081
0	1.137169e+02
>	4082
>	4083
0	8.691111e+04
>	4084
>	4085
>	4086
>	4087
>	4088
>	4089
0	3.072403e+03
>	4090
0	9.439676e+03
>	4091
0	1.741244e+03
>	4092
0	1.193812e+03
>	4093
0	4.976909e+03
>	4094
0	4.006301e+03
>	4095
>	4096
>	4097
>	4098
0	1.855585e+04
>	4099
0	5.403369e+04
>	4100
0	6.960273e+04
>	4101
>	4102
0	1.909730e+04
>	4103
>	4104
>	4105
0	6.634934e+03
>	4106
0	2.516650e+03
>	4107
>	4108
>	4109
>	4110
>	4111
>	4112
>	4113
>	4114
>	4115
0	1.540129e+03
>	4116
0	3.019671e+03
>	4117
0	9.805043e+03
>	4118
>	4119
0	1.729820e+04
>	4120
0	9.218403e+03
>	4121
>	4122
>	4123
>	4124
>	4125
>	4126
>	4127
>	4128
0	4.435101e+01
>	4129
>	4130
>	4131
0	4.275427e+03
>	4132
>	4133
>	4134
>	4135
>	4136
>	4137
>	4138
>	4139
>	4140
0	5.468649e+03
>	4141
>	4142
>	4143
>	4144
>	4145
>	4146
>	4147
0	1.298215e+04
>	4148
>	4149
>	4150
>	4151
0	1.882265e+03
>	4152
>	4153
>	4154
0	3.576647e+02
>	4155
0	5.309370e+03
>	4156
>	4157
>	4158
>	4159
0	1.477108e+04
>	4160
0	3.437141e+03
>	4161
0	1.553387e+04
>	4162
>	4163
0	6.570727e+03
>	4164
>	4165
>	4166
>	4167
>	4168
>	4169
>	4170
0	2.105488e+04
>	4171
0	4.363577e+04
>	4172
0	1.359347e+04
>	4173
0	2.888448e+03
>	4174
0	6.509230e+03
>	4175
0	2.729607e+03
>	4176
0	7.523419e+03
>	4177
>	4178
>	4179
>	4180
0	1.933152e+01
>	4181
>	4182
>	4183
>	4184
>	4185
0	2.826566e+03
>	4186
0	5.699863e+03
>	4187
>	4188
0	5.289329e+03
>	4189
0	1.706610e+02
>	4190
0	7.839384e+03
>	4191
0	1.198906e+04
>	4192
>	4193
>	4194
0	6.484703e+03
>	4195
0	5.738831e+03
>	4196
0	3.737159e+03
>	4197
>	4198
>	4199
>	4200
0	3.019474e+02
>	4201
>	4202
>	4203
0	4.663068e+03
>	4204
>	4205
>	4206
>	4207
0	9.805851e+03
>	4208
0	3.719904e+03
>	4209
>	4210
>	4211
>	4212
>	4213
>	4214
>	4215
0	2.560130e+03
>	4216
>	4217
>	4218
>	4219
0	5.749581e+03
>	4220
>	4221
>	4222
>	4223
0	5.357362e+02
>	4224
>	4225
>	4226
>	4227
>	4228
0	2.636778e+01
>	4229
>	4230
>	4231
>	4232
0	4.154873e+02
>	4233
>	4234
0	5.565212e+04
>	4235
>	4236
>	4237
>	4238
>	4239
>	4240
0	3.196964e+03
>	4241
0	8.511809e+03
>	4242
0	4.682219e+03
>	4243
0	4.403688e+03
>	4244
>	4245
>	4246
>	4247
>	4248
0	1.378548e+04
>	4249
>	4250
0	3.728986e+04
>	4251
0	5.178514e+04
>	4252
0	5.226683e+04
>	4253
>	4254
0	1.542499e+04
>	4255
>	4256
>	4257
0	9.850547e+03
>	4258
0	1.541339e+03
>	4259
>	4260
>	4261
>	4262
>	4263
>	4264
>	4265
>	4266
0	3.013738e+03
>	4267
>	4268
0	7.891194e+02
>	4269
0	1.784226e+03
>	4270
>	4271
>	4272
>	4273
>	4274
>	4275
>	4276
>	4277
>	4278
>	4279
>	4280
0	2.946486e+03
>	4281
0	3.678430e+03
>	4282
>	4283
>	4284
>	4285
>	4286
>	4287
0	4.107290e+03
>	4288
>	4289
>	4290
>	4291
>	4292
>	4293
0	1.679050e+04
>	4294
>	4295
>	4296
>	4297
0	2.111308e+03
>	4298
>	4299
>	4300
0	3.977079e+02
>	4301
0	3.311978e+03
>	4302
>	4303
0	3.018512e+04
>	4304
0	3.519614e+03
>	4305
0	1.370502e+04
>	4306
>	4307
0	4.835988e+03
>	4308
>	4309
>	4310
>	4311
0	5.463136e+02
>	4312
0	4.909637e+03
>	4313
0	2.336234e+03
>	4314
0	7.073886e+03
>	4315
0	1.429558e+03
>	4316
0	6.256200e+03
>	4317
>	4318
>	4319
>	4320
>	4321
>	4322
0	2.770230e+03
>	4323
>	4324
0	6.274089e+03
>	4325
0	3.790843e+03
>	4326
0	1.526616e+02
>	4327
0	2.177207e+03
>	4328
0	3.250541e+03
>	4329
0	4.040885e+03
>	4330
>	4331
>	4332
0	5.357534e+04
>	4333
0	2.003732e+04
>	4334
0	5.957128e+03
>	4335
0	3.970052e+03
>	4336
>	4337
>	4338
>	4339
0	1.372904e+02
>	4340
>	4341
>	4342
0	2.953285e+03
>	4343
>	4344
>	4345
>	4346
0	1.709402e+04
>	4347
0	1.912315e+04
>	4348
0	1.135853e+04
>	4349
0	8.468802e+03
>	4350
>	4351
>	4352
>	4353
>	4354
>	4355
>	4356
0	2.372281e+01
>	4357
>	4358
>	4359
>	4360
0	3.502058e+03
>	4361
>	4362
>	4363
>	4364
0	2.881093e+03
>	4365
0	2.930018e+02
>	4366
>	4367
>	4368
>	4369
0	2.157108e+02
>	4370
>	4371
>	4372
>	4373
>	4374
>	4375
>	4376
>	4377
>	4378
>	4379
0	2.869581e+03
>	4380
>	4381
>	4382
0	6.642768e+04
>	4383
>	4384
>	4385
>	4386
>	4387
>	4388
>	4389
>	4390
>	4391
>	4392
0	4.109041e+03
>	4393
0	8.842932e+03
>	4394
0	9.922924e+03
>	4395
0	3.387141e+03
>	4396
>	4397
>	4398
>	4399
>	4400
0	2.268611e+04
>	4401
>	4402
0	2.957598e+04
>	4403
0	8.049157e+04
>	4404
0	6.143764e+04
>	4405
>	4406
>	4407
0	1.892297e+04
>	4408
>	4409
>	4410
0	1.226404e+04
>	4411
0	7.240506e+02
>	4412
>	4413
>	4414
>	4415
>	4416
0	1.614982e+03
>	4417
>	4418
>	4419
>	4420
>	4421
0	3.405157e+03
>	4422
0	1.339866e+02
>	4423
>	4424
>	4425
0	2.402300e+03
>	4426
>	4427
>	4428
>	4429
>	4430
>	4431
0	5.015859e+03
>	4432
>	4433
0	2.527621e+03
>	4434
0	1.588494e+03
>	4435
>	4436
>	4437
>	4438
>	4439
>	4440
0	6.695453e+03
>	4441
0	6.385314e+01
>	4442
>	4443
>	4444
>	4445
>	4446
0	1.263542e+04
>	4447
>	4448
>	4449
>	4450
0	6.344053e+03
>	4451
>	4452
0	1.296189e+04
>	4453
>	4454
0	1.139944e+04
>	4455
>	4456
0	2.167800e+03
>	4457
>	4458
>	4459
>	4460
>	4461
>	4462
>	4463
0	1.038213e+02
>	4464
>	4465
0	8.807597e+03
>	4466
0	2.124961e+03
>	4467
0	9.684692e+03
>	4468
0	3.375415e+03
>	4469
0	3.588488e+03
>	4470
>	4471
>	4472
>	4473
>	4474
>	4475
0	6.058126e+03
>	4476
>	4477
0	4.573171e+03
>	4478
0	1.103733e+04
>	4479
0	5.463115e+03
>	4480
0	4.151722e+03
>	4481
>	4482
>	4483
0	5.646277e+04
>	4484
0	2.300726e+04
>	4485
0	8.295860e+03
>	4486
0	2.368364e+03
>	4487
>	4488
>	4489
0	3.348734e+02
>	4490
>	4491
0	2.718215e+02
>	4492
>	4493
>	4494
0	3.694751e+03
>	4495
>	4496
>	4497
>	4498
0	2.402250e+04
>	4499
0	2.348663e+04
>	4500
0	1.253203e+04
>	4501
0	8.126099e+03
>	4502
>	4503
>	4504
>	4505
>	4506
>	4507
>	4508
>	4509
0	2.123895e+03
>	4510
>	4511
>	4512
>	4513
0	1.429038e+02
>	4514
0	7.230741e+03
>	4515
>	4516
>	4517
>	4518
>	4519
>	4520
>	4521
>	4522
>	4523
>	4524
>	4525
0	1.747488e+04
>	4526
0	6.506129e+01
>	4527
>	4528
>	4529
>	4530
0	5.723566e+04
>	4531
>	4532
>	4533
>	4534
0	1.347013e+03
>	4535
0	8.928946e+03
>	4536
0	5.230238e+03
>	4537
>	4538
0	1.523677e+04
>	4539
0	4.077453e+00
>	4540
0	2.287309e-01
>	4541
>	4542
0	1.485342e+04
>	4543
0	8.238626e+04
>	4544
0	4.843158e+04
>	4545
>	4546
>	4547
0	2.490744e+04
>	4548
>	4549
>	4550
0	4.371804e+03
>	4551
0	7.768037e+03
>	4552
>	4553
>	4554
>	4555
>	4556
>	4557
>	4558
>	4559
>	4560
>	4561
0	2.800119e+02
>	4562
0	3.888277e+03
>	4563
>	4564
>	4565
>	4566
>	4567
>	4568
>	4569
>	4570
0	3.819332e+03
>	4571
>	4572
>	4573
0	1.269584e+03
>	4574
>	4575
>	4576
>	4577
>	4578
>	4579
0	3.890158e+03
>	4580
>	4581
>	4582
>	4583
>	4584
>	4585
0	1.474035e+04
>	4586
>	4587
>	4588
>	4589
0	2.143297e+04
>	4590
>	4591
0	1.361189e+04
>	4592
>	4593
0	1.971356e+03
>	4594
>	4595
>	4596
>	4597
>	4598
0	1.025034e+03
>	4599
>	4600
0	2.119488e+03
>	4601
0	1.625970e+03
>	4602
0	1.454347e+03
>	4603
0	6.256503e+03
>	4604
0	2.269614e+03
>	4605
0	6.136701e+03
>	4606
>	4607
>	4608
0	1.176903e+01
>	4609
>	4610
>	4611
>	4612
0	3.248724e+03
>	4613
>	4614
0	3.539871e+03
>	4615
0	2.066804e+04
>	4616
0	2.718547e+03
>	4617
0	4.906028e+03
>	4618
>	4619
>	4620
0	1.076879e+04
>	4621
0	8.027661e+03
>	4622
>	4623
>	4624
0	4.683134e+02
>	4625
>	4626
>	4627
>	4628
>	4629
0	2.543678e+03
>	4630
>	4631
>	4632
>	4633
0	1.241069e+04
>	4634
0	1.914173e+04
>	4635
0	7.053948e+03
>	4636
0	1.181211e+04
>	4637
>	4638
>	4639
>	4640
>	4641
>	4642
>	4643
0	3.848526e+03
>	4644
>	4645
>	4646
>	4647
0	1.360107e+04
>	4648
0	1.173556e+04
>	4649
0	8.374017e+03
>	4650
0	4.129548e+03
>	4651
>	4652
>	4653
>	4654
>	4655
>	4656
>	4657
>	4658
>	4659
0	1.050303e+02
>	4660
>	4661
0	1.171177e+04
>	4662
>	4663
>	4664
>	4665
>	4666
>	4667
>	4668
>	4669
>	4670
>	4671
0	3.480956e+03
>	4672
0	8.549032e+03
>	4673
0	3.751762e+03
>	4674
0	1.470887e+03
>	4675
0	1.854505e+04
>	4676
>	4677
>	4678
0	9.756079e+02
>	4679
0	7.863672e+04
>	4680
0	5.955348e+04
>	4681
>	4682
>	4683
0	1.937115e+04
>	4684
>	4685
>	4686
0	8.892622e+03
>	4687
0	2.558432e+03
>	4688
>	4689
>	4690
>	4691
0	2.505960e+03
>	4692
>	4693
>	4694
>	4695
>	4696
>	4697
0	8.372560e+02
>	4698
0	1.775471e+03
>	4699
>	4700
>	4701
>	4702
>	4703
>	4704
>	4705
>	4706
0	5.012950e+03
>	4707
0	3.449931e+01
>	4708
>	4709
0	2.596033e+03
>	4710
>	4711
>	4712
>	4713
>	4714
>	4715
0	6.379505e+03
>	4716
>	4717
>	4718
>	4719
>	4720
>	4721
0	2.376699e+04
>	4722
>	4723
>	4724
0	1.182158e+04
>	4725
0	2.928887e+03
>	4726
0	1.047339e+04
>	4727
>	4728
0	4.361802e+03
>	4729
>	4730
>	4731
0	6.363314e+02
>	4732
>	4733
0	2.038842e+03
>	4734
0	2.763347e+03
>	4735
0	2.484776e+03
>	4736
0	9.276277e+03
>	4737
0	1.770456e+03
>	4738
0	3.812053e+03
>	4739
>	4740
>	4741
>	4742
0	7.911038e+02
>	4743
>	4744
0	1.577644e+03
>	4745
>	4746
0	3.743899e+03
>	4747
0	7.680882e+03
>	4748
0	4.427775e+03
>	4749
0	1.991947e+03
>	4750
>	4751
>	4752
0	2.013014e+03
>	4753
0	1.444623e+04
>	4754
>	4755
>	4756
>	4757
0	4.917471e+02
>	4758
>	4759
>	4760
0	9.745408e+02
>	4761
>	4762
>	4763
>	4764
0	2.201334e+04
>	4765
0	2.265777e+04
>	4766
0	1.262181e+04
>	4767
0	6.360806e+03
>	4768
>	4769
>	4770
>	4771
>	4772
>	4773
0	6.709206e+03
>	4774
>	4775
>	4776
>	4777
>	4778
0	4.428428e+03
>	4779
>	4780
>	4781
>	4782
>	4783
>	4784
>	4785
>	4786
>	4787
>	4788
>	4789
>	4790
>	4791
>	4792
>	4793
>	4794
>	4795
