4796	1
>	0
0	5.136103e+05
>	1
0	9.694666e+04
>	2
0	9.543837e+04
>	3
0	5.237785e+03
>	4
0	6.013601e+03
>	5
0	1.429693e-01
>	6
>	7
0	2.325028e+04
>	8
0	3.295144e-01
>	9
0	6.763900e-01
>	10
0	1.105261e+06
>	11
0	1.202178e+05
>	12
0	1.126785e+03
>	13
0	7.082195e+04
>	14
0	4.573239e+03
>	15
>	16
0	9.481942e+04
>	17
0	1.897269e+04
>	18
0	1.566734e+04
>	19
0	4.383350e+03
>	20
0	5.646533e+03
>	21
0	3.367903e+04
>	22
>	23
0	3.706970e+03
>	24
0	1.844822e+00
>	25
0	9.353574e+02
>	26
>	27
0	2.539422e+04
>	28
0	1.402516e+04
>	29
0	9.263888e+04
>	30
0	1.203706e+04
>	31
0	8.913492e+02
>	32
0	5.152761e+04
>	33
0	5.094008e+03
>	34
0	4.556939e+04
>	35
0	1.150599e+05
>	36
0	6.637851e+03
>	37
0	5.432968e+03
>	38
0	2.585445e+04
>	39
0	5.027513e+03
>	40
0	1.120679e+04
>	41
0	2.636679e+04
>	42
0	8.886466e+03
>	43
0	3.504069e+04
>	44
0	2.455843e+02
>	45
0	1.052000e+04
>	46
0	1.418913e+04
>	47
>	48
0	1.861834e+04
>	49
0	3.385501e+04
>	50
0	2.288910e+05
>	51
0	4.144691e+04
>	52
0	2.771535e+03
>	53
0	3.936418e+04
>	54
0	3.627297e+04
>	55
0	1.360227e+01
>	56
0	6.344047e+01
>	57
0	1.353793e+03
>	58
0	4.175914e+03
>	59
0	3.101600e+04
>	60
0	6.357623e+01
>	61
0	6.741874e+03
>	62
0	1.158459e+06
>	63
0	1.178664e+04
>	64
0	2.370432e+05
>	65
0	7.724049e+03
>	66
0	2.027570e+05
>	67
0	5.671808e+03
>	68
0	1.664583e+04
>	69
0	2.486996e+04
>	70
0	4.190570e+03
>	71
0	8.506617e+03
>	72
0	4.353711e+05
>	73
0	7.096778e+04
>	74
0	8.174617e+04
>	75
0	2.499422e+03
>	76
0	3.929516e+03
>	77
0	1.241695e+04
>	78
0	2.392630e+03
>	79
0	1.317587e+04
>	80
0	1.100884e+04
>	81
0	6.031848e+04
>	82
0	1.034604e+04
>	83
0	3.516796e+03
>	84
0	3.595974e+05
>	85
0	6.802486e+04
>	86
0	7.169995e+04
>	87
0	2.206753e+03
>	88
0	3.156885e+03
>	89
0	3.646158e+05
>	90
0	6.585951e+04
>	91
0	9.539263e+04
>	92
0	1.271913e-02
>	93
0	1.705272e+04
>	94
0	3.040806e+03
>	95
0	5.098341e+03
>	96
0	1.236214e+05
>	97
0	2.426470e+04
>	98
0	4.409238e+04
>	99
0	2.214777e+03
>	100
0	1.002590e+04
>	101
0	6.855085e+02
>	102
0	2.046083e+03
>	103
0	1.360906e+05
>	104
0	9.081273e+03
>	105
0	3.362689e+04
>	106
0	2.814265e+03
>	107
0	1.155908e+04
>	108
0	3.500641e+03
>	109
0	1.145325e+03
>	110
0	6.780868e+03
>	111
0	6.909681e+04
>	112
0	1.969201e+04
>	113
0	2.095724e+04
>	114
0	3.926305e+02
>	115
0	7.139828e+04
>	116
0	1.995785e+04
>	117
0	1.892687e+04
>	118
0	4.192230e+03
>	119
0	1.346419e+05
>	120
0	4.675773e+04
>	121
0	5.098650e+04
>	122
0	7.452328e+04
>	123
0	4.985500e+04
>	124
0	4.732700e+04
>	125
0	4.975528e+04
>	126
0	1.078617e+04
>	127
0	4.510558e+04
>	128
0	6.616325e+03
>	129
0	8.200382e+03
>	130
0	3.194212e+04
>	131
0	4.380978e+04
>	132
0	5.123698e+05
>	133
0	1.013398e+05
>	134
0	8.444627e+04
>	135
0	3.904708e+03
>	136
0	1.022880e+04
>	137
0	2.442136e+03
>	138
0	2.972371e+02
>	139
0	9.082058e+03
>	140
0	3.917882e+03
>	141
0	5.162102e+03
>	142
0	1.186871e+04
>	143
0	2.070245e+01
>	144
0	4.243685e+03
>	145
0	1.074879e+06
>	146
0	1.081372e+05
>	147
0	3.635830e+03
>	148
0	8.382021e+04
>	149
0	1.355544e+05
>	150
0	2.035624e+04
>	151
0	4.386112e+03
>	152
0	1.345941e+04
>	153
0	7.144009e+03
>	154
0	4.833286e+03
>	155
0	4.273617e+04
>	156
0	2.486701e-01
>	157
0	1.063025e+00
>	158
0	3.399850e+04
>	159
0	1.370183e+04
>	160
0	1.023533e+05
>	161
0	8.550583e+03
>	162
0	2.724327e+03
>	163
0	5.067736e+04
>	164
0	5.534579e+04
>	165
0	1.115878e+05
>	166
0	1.090610e+04
>	167
0	6.706055e+03
>	168
0	1.770822e+04
>	169
0	3.238003e+03
>	170
0	1.469119e+04
>	171
0	2.756567e+04
>	172
0	1.044640e+04
>	173
0	3.708494e+04
>	174
0	1.503324e+02
>	175
0	9.062436e+03
>	176
0	1.636245e+04
>	177
>	178
0	1.427770e+04
>	179
0	1.462514e+03
>	180
0	2.783084e+04
>	181
0	2.195929e+05
>	182
0	5.695066e+04
>	183
0	7.188186e+03
>	184
0	1.421802e+04
>	185
0	3.428152e+04
>	186
0	8.063197e+01
>	187
0	4.508759e+04
>	188
0	1.444059e+02
>	189
0	7.604655e+02
>	190
>	191
0	2.600767e+04
>	192
0	9.653975e+03
>	193
0	1.197662e+06
>	194
0	9.793796e+03
>	195
0	1.965843e+05
>	196
0	9.344105e+03
>	197
0	2.193309e+05
>	198
0	1.165374e+04
>	199
0	1.025012e+04
>	200
0	2.289277e+04
>	201
0	1.061452e+04
>	202
0	4.036153e+05
>	203
0	8.638324e+04
>	204
0	6.775061e+04
>	205
0	4.022520e+03
>	206
0	2.102259e+03
>	207
0	1.171593e+04
>	208
0	1.326456e+03
>	209
0	7.904417e+03
>	210
0	1.603453e+04
>	211
0	5.294407e+04
>	212
0	1.540150e+04
>	213
0	3.446460e+03
>	214
0	3.440221e+05
>	215
0	5.953755e+04
>	216
0	9.308627e+04
>	217
0	2.447136e+03
>	218
0	4.681154e+03
>	219
0	3.610260e+05
>	220
0	7.276815e+04
>	221
0	9.205320e+04
>	222
0	2.949334e+03
>	223
0	2.721672e+03
>	224
0	1.218938e+04
>	225
0	1.996054e+04
>	226
0	1.842729e+03
>	227
0	6.250664e+03
>	228
0	1.318644e+05
>	229
0	3.111547e+04
>	230
0	3.816647e+04
>	231
0	1.143487e+04
>	232
0	1.086367e+04
>	233
0	1.503552e+03
>	234
0	3.979998e+03
>	235
0	1.360355e+05
>	236
0	1.043706e+04
>	237
0	2.181066e+04
>	238
0	4.049693e+03
>	239
0	1.063193e+04
>	240
0	8.888701e+03
>	241
0	2.145410e+02
>	242
0	7.350099e+03
>	243
0	4.174178e+03
>	244
0	7.610495e+04
>	245
0	2.463053e+04
>	246
0	1.703091e+04
>	247
0	5.401298e+03
>	248
0	6.965488e+04
>	249
0	1.292735e+04
>	250
0	2.329837e+04
>	251
0	8.115179e+03
>	252
0	1.356216e+05
>	253
0	4.666803e+04
>	254
0	5.881954e+04
>	255
0	9.447067e+04
>	256
0	2.715611e+04
>	257
0	3.495159e+04
>	258
0	5.183176e+04
>	259
0	7.798910e+03
>	260
0	3.265437e+04
>	261
>	262
0	6.708784e+03
>	263
0	3.365066e+04
>	264
0	4.957042e+02
>	265
0	6.152575e+04
>	266
0	5.197933e+05
>	267
0	8.578587e+04
>	268
0	8.503114e+04
>	269
0	3.323758e+03
>	270
0	9.139828e+03
>	271
0	4.651399e+03
>	272
0	3.045160e+02
>	273
0	1.132876e+04
>	274
0	5.768330e+03
>	275
0	5.946873e+03
>	276
0	3.746306e+03
>	277
0	1.886494e+04
>	278
0	2.028155e+01
>	279
0	3.748666e+03
>	280
0	1.083353e+06
>	281
0	1.199927e+05
>	282
0	6.027476e+03
>	283
0	1.000534e+05
>	284
0	8.083718e+04
>	285
0	2.015159e+04
>	286
0	4.917196e+03
>	287
0	1.633979e+04
>	288
0	3.497724e+03
>	289
0	5.663968e+03
>	290
0	4.857486e+04
>	291
>	292
>	293
>	294
>	295
0	3.336991e+04
>	296
0	1.459646e+03
>	297
0	8.306166e-02
>	298
0	4.227300e+03
>	299
0	1.599588e-01
>	300
0	5.484266e-01
>	301
0	7.778070e+04
>	302
0	4.276464e+03
>	303
0	6.415251e-01
>	304
0	2.376458e+04
>	305
0	2.504636e+03
>	306
0	5.222303e+04
>	307
0	1.214155e+05
>	308
0	4.148183e+03
>	309
0	5.240888e+03
>	310
0	1.978493e+04
>	311
0	6.870832e+03
>	312
0	1.769990e+04
>	313
0	2.578289e+04
>	314
0	1.142527e+04
>	315
0	3.361267e+04
>	316
0	1.732949e+03
>	317
0	1.177140e+04
>	318
0	1.372214e+04
>	319
>	320
0	1.612827e+04
>	321
0	8.330802e+02
>	322
0	2.811405e+04
>	323
0	2.154135e+05
>	324
0	5.274185e+04
>	325
0	5.305770e+03
>	326
0	1.265353e+04
>	327
0	3.466462e+04
>	328
0	1.059009e+01
>	329
0	3.894838e+04
>	330
0	1.498846e+01
>	331
0	5.939006e+01
>	332
>	333
0	4.206537e+03
>	334
0	3.426585e+04
>	335
0	6.178282e+01
>	336
0	7.865313e+03
>	337
0	1.165282e+06
>	338
0	9.212541e+03
>	339
0	2.098578e+05
>	340
0	4.785648e+03
>	341
0	2.243248e+05
>	342
0	2.950075e+03
>	343
0	1.084036e+04
>	344
0	1.963052e+04
>	345
0	6.343873e+03
>	346
0	4.375634e+05
>	347
0	7.061406e+04
>	348
0	7.583373e+04
>	349
0	1.405267e+03
>	350
0	3.546947e+03
>	351
0	1.049284e+04
>	352
0	1.895630e+03
>	353
0	8.466722e+03
>	354
0	1.111866e+04
>	355
0	5.865843e+04
>	356
0	7.729941e+03
>	357
0	7.207306e+03
>	358
0	1.592498e+02
>	359
0	3.482175e+05
>	360
0	6.435241e+04
>	361
0	8.773407e+04
>	362
0	6.571756e+01
>	363
0	2.910992e+03
>	364
0	3.637590e+05
>	365
0	7.531943e+04
>	366
0	7.813669e+04
>	367
0	2.422534e+03
>	368
0	4.907276e+03
>	369
0	5.466443e+03
>	370
0	5.978576e+03
>	371
0	2.031037e+04
>	372
0	6.387957e+02
>	373
0	9.769969e+03
>	374
0	1.271574e+05
>	375
0	2.551479e+04
>	376
0	3.606520e+04
>	377
0	3.488922e+03
>	378
0	1.245328e+04
>	379
0	3.354825e+03
>	380
0	1.083913e+03
>	381
0	1.608822e+05
>	382
0	7.980714e+03
>	383
0	2.631587e+04
>	384
0	2.238611e+03
>	385
0	1.409018e+04
>	386
0	6.981967e+03
>	387
0	1.446837e+02
>	388
0	1.005548e+04
>	389
0	2.544966e+03
>	390
0	6.944249e+04
>	391
0	1.991808e+04
>	392
0	2.317799e+04
>	393
0	3.616940e+03
>	394
0	6.185398e+03
>	395
0	6.854255e+04
>	396
0	1.522022e+04
>	397
0	2.462802e+04
>	398
0	1.872896e+02
>	399
0	1.263551e+05
>	400
0	4.759601e+04
>	401
0	3.365529e+04
>	402
0	1.206435e+05
>	403
0	3.915147e+04
>	404
0	4.402161e+04
>	405
0	4.096348e+04
>	406
0	4.088740e+04
>	407
0	4.333511e+04
>	408
0	1.885619e+03
>	409
0	1.928990e+04
>	410
0	2.418090e+03
>	411
0	1.638039e+04
>	412
0	2.126589e+04
>	413
0	2.970167e+03
>	414
>	415
0	3.024495e+04
>	416
0	1.929154e+04
>	417
0	6.691764e+03
>	418
0	5.171593e+05
>	419
0	4.338408e+03
>	420
0	9.047786e+04
>	421
0	8.037847e+04
>	422
0	5.843470e+03
>	423
0	1.603763e+04
>	424
0	2.313370e+03
>	425
0	7.357516e+01
>	426
0	1.102629e+04
>	427
0	5.032524e+03
>	428
0	3.707524e+03
>	429
0	1.291509e+04
>	430
>	431
>	432
0	1.082255e+06
>	433
0	1.195746e+05
>	434
0	5.313868e+03
>	435
0	7.431114e+04
>	436
0	8.890731e+04
>	437
0	2.113694e+04
>	438
0	4.111342e+03
>	439
0	1.465437e+04
>	440
0	3.167710e+03
>	441
0	5.776895e+03
>	442
0	4.240341e+04
>	443
0	3.056057e+02
>	444
0	1.283612e+01
>	445
>	446
0	3.453182e+04
>	447
>	448
0	3.821213e-01
>	449
0	4.467954e+02
>	450
0	1.095431e-01
>	451
0	1.134725e+00
>	452
0	7.735500e+04
>	453
0	1.706233e+03
>	454
0	2.615125e+00
>	455
0	1.476085e+04
>	456
0	1.472682e+04
>	457
>	458
0	5.905123e+03
>	459
0	2.747416e+01
>	460
0	3.394739e+04
>	461
0	1.186230e+05
>	462
0	7.580624e+03
>	463
0	1.942894e+04
>	464
0	2.866348e+03
>	465
0	1.261244e+04
>	466
0	1.427581e+04
>	467
0	2.312269e+03
>	468
0	3.990938e+04
>	469
0	1.470389e+03
>	470
0	2.425534e+04
>	471
0	2.627110e+04
>	472
0	2.327104e+05
>	473
0	4.933379e+04
>	474
0	3.121653e+03
>	475
0	4.209076e+04
>	476
0	4.080630e+04
>	477
>	478
0	1.847068e+00
>	479
0	4.065933e+04
>	480
0	8.352833e+01
>	481
0	1.210774e+06
>	482
0	8.602386e+03
>	483
0	2.362344e+05
>	484
0	7.989855e+03
>	485
0	2.090690e+05
>	486
0	1.359160e+04
>	487
0	8.198124e+03
>	488
0	2.200009e+04
>	489
0	5.680585e+03
>	490
0	6.916322e+03
>	491
>	492
0	4.478308e+05
>	493
0	2.684414e+04
>	494
0	4.320683e+04
>	495
0	1.141019e+04
>	496
0	2.927368e+03
>	497
0	8.694665e+03
>	498
0	1.746188e+03
>	499
0	1.178604e+04
>	500
0	1.274060e+02
>	501
0	5.460249e+04
>	502
0	1.600345e+04
>	503
0	7.450087e+03
>	504
0	5.473758e+02
>	505
0	3.460299e+05
>	506
0	7.455360e+04
>	507
0	7.328810e+04
>	508
0	4.585127e+02
>	509
0	3.727084e+05
>	510
0	7.227423e+04
>	511
0	7.952860e+04
>	512
0	1.501661e+03
>	513
0	3.874085e+03
>	514
0	9.664735e+03
>	515
0	4.691983e+03
>	516
0	1.534992e+04
>	517
0	6.229239e+02
>	518
0	9.174123e+03
>	519
0	1.357246e+05
>	520
0	2.087604e+04
>	521
0	3.432324e+04
>	522
0	4.314879e+03
>	523
0	9.628131e+03
>	524
0	1.373870e+05
>	525
0	2.008209e+04
>	526
0	5.090472e+04
>	527
0	1.582200e+03
>	528
0	1.167567e+04
>	529
0	5.758208e+02
>	530
0	8.554613e+03
>	531
0	9.197025e+03
>	532
0	3.917400e+03
>	533
0	6.749696e+04
>	534
0	1.544267e+04
>	535
0	1.861631e+04
>	536
0	3.339902e+03
>	537
0	6.034302e+03
>	538
0	3.177079e+03
>	539
0	1.656689e+03
>	540
0	5.172899e+04
>	541
0	1.908615e+03
>	542
0	1.124413e+04
>	543
0	3.874201e+02
>	544
0	1.320226e+05
>	545
0	3.100776e+04
>	546
0	6.296648e+04
>	547
0	9.181629e+04
>	548
0	3.108312e+04
>	549
0	3.185041e+04
>	550
0	4.648441e+04
>	551
0	2.991056e+04
>	552
0	3.344195e+04
>	553
0	1.784280e+04
>	554
0	2.833292e+04
>	555
0	6.795795e+04
>	556
0	1.815023e+01
>	557
0	8.612627e+03
>	558
0	1.759821e+04
>	559
0	1.526003e+04
>	560
0	4.868542e+05
>	561
0	3.357801e+03
>	562
0	5.867456e+03
>	563
0	8.970628e+04
>	564
0	9.235805e+04
>	565
0	5.238184e+03
>	566
0	1.482112e+04
>	567
0	4.143301e+03
>	568
0	3.422057e+02
>	569
0	9.722298e+03
>	570
0	3.446058e+03
>	571
0	3.743632e+03
>	572
0	1.541550e+04
>	573
0	2.472440e-04
>	574
0	4.153935e-01
>	575
0	1.076778e+06
>	576
0	1.224126e+05
>	577
0	2.347200e+03
>	578
0	5.652538e+04
>	579
0	6.618178e+03
>	580
0	5.817653e-02
>	581
0	8.946011e+04
>	582
0	1.618707e+04
>	583
0	4.616227e+03
>	584
0	3.970173e+03
>	585
0	2.570820e+03
>	586
0	1.030954e+04
>	587
0	1.760895e-02
>	588
0	1.727834e-01
>	589
0	3.705344e+04
>	590
0	2.531123e-01
>	591
0	1.194385e+00
>	592
0	3.299625e+04
>	593
0	9.031743e+03
>	594
0	7.693142e+03
>	595
0	6.331976e-04
>	596
0	9.092321e+04
>	597
0	2.270688e+03
>	598
0	3.777986e+00
>	599
0	1.615438e+04
>	600
0	1.611165e+04
>	601
0	9.860279e-02
>	602
0	2.448394e+03
>	603
0	9.994877e-01
>	604
0	3.912348e+04
>	605
0	1.146684e+05
>	606
0	1.996561e+04
>	607
0	1.635980e+04
>	608
0	2.567364e+04
>	609
0	1.282616e+04
>	610
0	2.177367e+03
>	611
0	3.171981e+04
>	612
0	5.254834e+01
>	613
0	1.312952e+04
>	614
0	1.571763e+04
>	615
>	616
0	1.905563e+04
>	617
0	2.249839e+05
>	618
0	6.034843e+04
>	619
0	1.923110e+03
>	620
0	5.063569e+04
>	621
0	4.166771e+04
>	622
0	2.473413e+02
>	623
0	1.065893e+03
>	624
0	7.751506e+03
>	625
>	626
0	1.205807e+06
>	627
0	1.084132e+04
>	628
0	1.455693e+05
>	629
0	4.823524e+03
>	630
0	7.936811e+04
>	631
0	2.596582e+04
>	632
0	1.174588e+04
>	633
0	2.224064e+04
>	634
0	6.616825e+03
>	635
0	2.638161e+03
>	636
0	2.024720e+00
>	637
0	4.231476e+05
>	638
0	4.172215e+04
>	639
0	3.859225e+04
>	640
0	7.555985e+03
>	641
0	2.590650e+03
>	642
0	1.211104e+04
>	643
0	1.377211e+03
>	644
0	1.624731e+04
>	645
>	646
0	5.890119e+04
>	647
0	9.031033e+03
>	648
0	9.709270e+03
>	649
0	1.680032e+03
>	650
0	3.589822e+05
>	651
0	7.233620e+04
>	652
0	7.053944e+04
>	653
>	654
0	3.473380e+05
>	655
0	6.863115e+04
>	656
0	8.323656e+04
>	657
0	6.328647e+03
>	658
0	3.800330e+03
>	659
0	1.110390e+04
>	660
0	2.436719e+03
>	661
0	1.314097e+04
>	662
0	8.107735e+03
>	663
0	1.074038e+05
>	664
0	3.661170e+04
>	665
0	4.310641e+04
>	666
0	2.230505e+03
>	667
0	1.055523e+04
>	668
0	1.316940e+05
>	669
0	1.828306e+04
>	670
0	4.233780e+04
>	671
0	9.116559e+03
>	672
0	8.322088e+03
>	673
0	9.838106e+03
>	674
0	6.324466e+04
>	675
0	1.658799e+04
>	676
0	1.862619e+04
>	677
0	4.815552e+03
>	678
0	1.011164e+04
>	679
0	1.533065e+03
>	680
0	2.502413e+03
>	681
0	4.841567e+04
>	682
0	5.428889e+03
>	683
0	1.073130e+04
>	684
0	5.468009e+02
>	685
0	1.223967e+04
>	686
0	1.232543e+04
>	687
0	1.376674e+05
>	688
0	4.836763e+04
>	689
0	4.769808e+04
>	690
0	9.737910e+04
>	691
0	2.168013e+04
>	692
0	2.943125e+04
>	693
0	3.164486e+04
>	694
0	1.578722e+04
>	695
0	2.882049e+03
>	696
0	4.791373e+04
>	697
0	8.560233e+03
>	698
0	1.918345e+04
>	699
0	5.299399e+05
>	700
0	3.826441e+03
>	701
0	9.908246e+04
>	702
0	9.344336e+04
>	703
0	5.570157e+03
>	704
0	1.054343e+04
>	705
0	6.573143e+03
>	706
0	1.010266e+03
>	707
0	7.026086e+03
>	708
0	6.242656e+03
>	709
0	1.541802e+04
>	710
>	711
0	6.180815e+03
>	712
0	1.045891e+06
>	713
0	1.179072e+05
>	714
>	715
0	4.999489e+04
>	716
0	1.367319e+03
>	717
0	1.093465e+03
>	718
0	1.088715e+05
>	719
0	1.949531e+04
>	720
0	4.573801e+03
>	721
0	2.928372e+03
>	722
0	1.668540e+04
>	723
>	724
>	725
0	4.354881e+04
>	726
>	727
>	728
0	3.289759e+04
>	729
>	730
>	731
0	1.980245e+03
>	732
0	1.243863e-01
>	733
0	8.343503e-01
>	734
0	8.779102e+04
>	735
0	4.112053e+03
>	736
0	1.583038e+01
>	737
0	1.529984e+04
>	738
0	1.339542e+04
>	739
>	740
0	4.633292e+03
>	741
0	4.614693e+01
>	742
0	3.117164e+04
>	743
0	1.157060e+05
>	744
0	5.582620e+03
>	745
0	2.428972e+04
>	746
0	1.994235e+04
>	747
0	1.388415e+04
>	748
0	7.061974e+02
>	749
0	2.925549e+03
>	750
0	2.970732e+04
>	751
0	1.100335e+03
>	752
0	7.673106e+03
>	753
0	1.721946e+04
>	754
>	755
0	2.556565e+04
>	756
0	2.290686e+05
>	757
0	5.309290e+04
>	758
0	1.396839e+03
>	759
0	4.696163e+04
>	760
0	3.999816e+04
>	761
0	1.262965e+02
>	762
0	1.481869e+03
>	763
0	8.399348e+03
>	764
0	9.721164e+03
>	765
>	766
0	1.239397e+06
>	767
0	7.453789e+03
>	768
0	1.799549e+05
>	769
0	6.015227e+03
>	770
0	9.369028e+04
>	771
0	3.085922e+04
>	772
0	7.595625e+03
>	773
0	6.370027e+03
>	774
0	4.283599e+05
>	775
0	7.017206e+04
>	776
0	7.927454e+04
>	777
0	2.285314e+03
>	778
0	1.244090e+03
>	779
0	1.225934e+04
>	780
0	1.501724e+04
>	781
>	782
0	6.716550e+04
>	783
0	1.300609e+04
>	784
0	3.443235e+03
>	785
0	3.681553e+05
>	786
0	7.707904e+04
>	787
0	7.877390e+04
>	788
0	4.494881e+03
>	789
0	3.727340e+05
>	790
0	7.213185e+04
>	791
0	8.556977e+04
>	792
0	9.923136e+02
>	793
0	2.066334e+04
>	794
0	4.233292e+03
>	795
0	7.334754e+03
>	796
0	1.367063e+05
>	797
0	4.518620e+04
>	798
0	3.339072e+04
>	799
0	4.305844e+03
>	800
0	4.803753e+03
>	801
0	1.563925e+05
>	802
0	3.272488e+04
>	803
0	3.522831e+04
>	804
>	805
0	1.237656e+04
>	806
0	1.437606e+04
>	807
>	808
0	1.087458e+04
>	809
0	8.009313e+04
>	810
0	1.926518e+04
>	811
0	2.171035e+04
>	812
0	7.887564e+03
>	813
0	6.011151e+03
>	814
0	5.911679e+04
>	815
0	1.959421e+04
>	816
0	2.042123e+04
>	817
0	1.068168e+04
>	818
0	8.238034e+03
>	819
0	8.168451e+03
>	820
0	1.413381e+05
>	821
0	4.933723e+04
>	822
0	6.223100e+04
>	823
0	9.607780e+04
>	824
0	3.520400e+04
>	825
0	3.186936e+04
>	826
0	6.000355e+04
>	827
0	1.825230e+04
>	828
0	2.492897e+04
>	829
0	3.596347e+04
>	830
0	1.010186e+04
>	831
0	1.677652e+04
>	832
0	4.220832e+04
>	833
0	5.209308e+05
>	834
0	4.337602e+03
>	835
0	9.350023e+04
>	836
0	9.652004e+04
>	837
0	4.053268e+03
>	838
0	9.119751e+03
>	839
0	5.263147e+03
>	840
0	9.249700e+02
>	841
0	1.110096e+04
>	842
0	4.250467e+03
>	843
0	1.634255e+04
>	844
0	2.018976e+01
>	845
0	5.441796e+03
>	846
0	1.037504e+06
>	847
0	1.295820e+05
>	848
>	849
0	9.013291e+04
>	850
0	5.570194e+03
>	851
0	4.746165e+02
>	852
0	1.003755e+05
>	853
0	1.435994e+04
>	854
0	5.048855e+03
>	855
0	1.460273e+04
>	856
0	4.833996e+03
>	857
0	2.129784e+03
>	858
0	4.259252e+04
>	859
>	860
>	861
0	3.185046e+04
>	862
0	4.646273e+01
>	863
0	1.766642e-01
>	864
0	2.056078e+03
>	865
0	9.479427e+04
>	866
0	7.209156e+03
>	867
0	7.620791e+02
>	868
0	7.967605e+03
>	869
0	4.056071e+04
>	870
>	871
0	2.961019e+03
>	872
0	1.393591e+00
>	873
0	2.952331e+04
>	874
0	1.181500e+05
>	875
0	5.792637e+03
>	876
0	6.796911e+03
>	877
0	2.005830e+04
>	878
0	2.781350e+04
>	879
0	1.232820e+04
>	880
0	2.953510e+03
>	881
0	3.672609e+04
>	882
>	883
0	1.034744e+04
>	884
0	1.244611e+04
>	885
0	4.434777e+02
>	886
0	2.835249e+04
>	887
0	2.343277e+05
>	888
0	5.923711e+04
>	889
0	3.227898e+03
>	890
0	4.623371e+04
>	891
0	3.748914e+04
>	892
0	8.160542e-02
>	893
>	894
0	3.559530e+04
>	895
0	5.993501e+03
>	896
0	6.311112e+03
>	897
0	4.306638e+03
>	898
0	1.209956e+06
>	899
0	5.052420e+03
>	900
0	2.275978e+05
>	901
0	7.195450e+03
>	902
0	1.981956e+05
>	903
0	7.178583e+03
>	904
0	1.360540e+04
>	905
0	7.149402e+03
>	906
0	4.318774e+05
>	907
0	7.595133e+04
>	908
0	7.992421e+04
>	909
0	4.185260e+03
>	910
0	2.760137e+03
>	911
0	1.209634e+04
>	912
0	1.692366e+03
>	913
0	1.644317e+04
>	914
>	915
0	6.718188e+04
>	916
0	7.397264e+03
>	917
0	9.749912e+03
>	918
>	919
0	3.542253e+05
>	920
0	7.421450e+04
>	921
0	7.484072e+04
>	922
0	4.400734e-01
>	923
0	7.582944e+03
>	924
0	3.518547e+05
>	925
0	8.202986e+04
>	926
0	7.550266e+04
>	927
0	4.408184e+03
>	928
0	4.772696e+03
>	929
0	1.210213e+04
>	930
0	1.832875e+04
>	931
0	9.037046e+03
>	932
0	7.296272e+03
>	933
0	1.329046e+05
>	934
0	2.298487e+04
>	935
0	4.750418e+04
>	936
0	1.887048e+03
>	937
0	1.170163e+04
>	938
0	1.483867e+03
>	939
0	4.769814e+03
>	940
0	1.491163e+05
>	941
0	4.033888e+03
>	942
0	2.391155e+04
>	943
0	3.187182e+03
>	944
0	1.175612e+04
>	945
0	5.117600e+03
>	946
0	2.311771e+03
>	947
0	9.567213e+03
>	948
0	7.803751e+03
>	949
0	7.859291e+04
>	950
0	1.458615e+04
>	951
0	2.858437e+04
>	952
0	1.778508e+03
>	953
0	8.993780e+03
>	954
0	5.584003e+04
>	955
0	1.523031e+04
>	956
0	2.691087e+04
>	957
>	958
0	1.446077e+05
>	959
0	4.270037e+04
>	960
0	5.766719e+04
>	961
0	9.941234e+04
>	962
0	3.649005e+04
>	963
0	2.942316e+04
>	964
0	4.738190e+04
>	965
0	3.300898e+04
>	966
0	1.666256e+04
>	967
0	2.663425e+04
>	968
0	2.383148e+04
>	969
0	1.555983e+04
>	970
0	3.481111e+04
>	971
0	2.645312e+04
>	972
0	4.922685e+05
>	973
0	9.349427e+04
>	974
0	8.514770e+04
>	975
0	2.629121e+03
>	976
0	1.001391e+04
>	977
0	6.108487e+03
>	978
0	9.074330e+02
>	979
0	9.897088e+03
>	980
0	4.236787e+03
>	981
0	3.158637e+03
>	982
0	1.797461e+04
>	983
>	984
0	4.004288e+03
>	985
0	1.078377e+06
>	986
0	1.199510e+05
>	987
0	9.048365e+03
>	988
0	7.466192e+04
>	989
0	9.723996e+04
>	990
0	2.249921e+04
>	991
0	3.631529e+03
>	992
0	1.504271e+04
>	993
0	3.790727e+03
>	994
0	3.265765e+03
>	995
0	3.379920e+04
>	996
0	1.018682e+03
>	997
0	6.860308e-03
>	998
0	1.318000e+04
>	999
0	3.419531e+03
>	1000
0	3.118113e+03
>	1001
0	1.064208e+05
>	1002
0	5.284770e+00
>	1003
0	4.037073e+02
>	1004
0	4.547043e+04
>	1005
0	2.308936e+03
>	1006
0	4.985201e+04
>	1007
0	1.160345e+05
>	1008
0	8.650982e+03
>	1009
0	4.001807e+03
>	1010
0	7.886291e+03
>	1011
0	9.281975e+03
>	1012
0	2.722065e+04
>	1013
0	1.160047e+04
>	1014
0	3.999003e+03
>	1015
0	2.964075e+04
>	1016
>	1017
0	9.920491e+03
>	1018
0	1.122799e+04
>	1019
0	2.399409e+03
>	1020
0	1.445414e+04
>	1021
0	5.730876e+02
>	1022
0	1.595517e+03
>	1023
0	2.702363e+04
>	1024
0	2.548185e+05
>	1025
0	6.463698e-01
>	1026
0	1.599568e+00
>	1027
0	4.467083e+04
>	1028
0	2.766349e+04
>	1029
0	2.207899e+04
>	1030
0	1.994558e+01
>	1031
0	2.323236e+04
>	1032
0	1.368908e+01
>	1033
0	8.018598e+01
>	1034
>	1035
>	1036
0	7.787602e+03
>	1037
0	1.298358e+04
>	1038
>	1039
0	9.443322e+03
>	1040
0	8.316869e+03
>	1041
0	2.419332e+03
>	1042
0	1.220090e+06
>	1043
0	7.886469e+03
>	1044
0	2.302711e+05
>	1045
0	5.227479e+03
>	1046
0	2.216886e+05
>	1047
0	5.987545e+03
>	1048
0	9.966706e+03
>	1049
0	6.755855e+03
>	1050
0	8.141165e+03
>	1051
0	4.193982e+05
>	1052
0	7.460609e+04
>	1053
0	8.397368e+04
>	1054
0	4.183058e+03
>	1055
0	3.503366e+03
>	1056
0	1.294096e+04
>	1057
0	5.323363e+02
>	1058
0	3.618127e+03
>	1059
0	1.782291e+03
>	1060
0	1.699937e+04
>	1061
0	1.266058e+02
>	1062
0	5.841701e+04
>	1063
0	1.099826e+04
>	1064
0	1.187049e+04
>	1065
>	1066
0	3.719344e+05
>	1067
0	7.431486e+04
>	1068
0	6.633176e+04
>	1069
0	2.281791e+03
>	1070
0	6.976275e+03
>	1071
0	3.723931e+05
>	1072
0	6.412259e+04
>	1073
0	7.760855e+04
>	1074
0	9.031136e+03
>	1075
0	2.826087e+03
>	1076
0	1.294330e+04
>	1077
0	1.850916e+04
>	1078
0	2.572086e+03
>	1079
0	5.698071e+03
>	1080
0	3.168240e+03
>	1081
0	1.200077e+05
>	1082
0	2.751307e+04
>	1083
0	3.750139e+04
>	1084
0	9.837870e+02
>	1085
0	7.202736e+03
>	1086
0	5.763657e+03
>	1087
0	8.210878e+02
>	1088
0	1.346436e+05
>	1089
0	5.683764e+03
>	1090
0	1.872562e+04
>	1091
0	3.698682e+03
>	1092
0	1.180105e+04
>	1093
0	2.280749e+03
>	1094
0	5.437645e+02
>	1095
0	9.206440e+03
>	1096
0	6.423353e+03
>	1097
0	6.273946e+04
>	1098
0	1.590881e+04
>	1099
0	1.775852e+04
>	1100
0	1.766606e+03
>	1101
0	1.048936e+04
>	1102
0	5.115792e+04
>	1103
0	1.485252e+04
>	1104
0	1.953504e+04
>	1105
0	6.319129e+03
>	1106
0	1.162850e+04
>	1107
0	1.298310e+05
>	1108
0	4.777755e+04
>	1109
0	2.565156e+04
>	1110
0	7.993644e+04
>	1111
0	3.618433e+04
>	1112
0	2.489408e+04
>	1113
0	3.656787e+04
>	1114
0	2.708258e+04
>	1115
0	3.510508e+04
>	1116
0	3.595086e+04
>	1117
0	4.170660e+04
>	1118
0	2.309913e+04
>	1119
0	9.007984e+03
>	1120
0	2.060644e+04
>	1121
0	2.130922e+04
>	1122
0	5.079161e+05
>	1123
0	1.059297e+05
>	1124
0	9.088645e+04
>	1125
0	6.294834e+03
>	1126
0	1.029606e+04
>	1127
0	7.125414e-01
>	1128
0	3.859418e+00
>	1129
0	5.309701e+03
>	1130
0	2.706848e+03
>	1131
0	2.651293e+03
>	1132
0	1.765843e+02
>	1133
>	1134
>	1135
0	5.405887e+05
>	1136
0	5.200280e+05
>	1137
0	3.280121e+04
>	1138
0	8.923219e+04
>	1139
0	9.736464e+04
>	1140
0	5.325656e+03
>	1141
0	8.629094e+01
>	1142
0	1.284683e+05
>	1143
0	1.596453e+04
>	1144
0	6.666238e+03
>	1145
0	1.940905e+04
>	1146
0	2.351118e+03
>	1147
0	4.026828e+03
>	1148
0	3.811971e+04
>	1149
0	4.600451e-02
>	1150
0	7.105320e-01
>	1151
0	1.906972e+04
>	1152
0	1.813220e+04
>	1153
0	2.027060e+03
>	1154
0	2.025004e+00
>	1155
0	1.034948e+05
>	1156
0	1.631591e+03
>	1157
>	1158
0	1.790159e-02
>	1159
0	2.089490e+04
>	1160
0	1.698920e-01
>	1161
0	1.048495e+03
>	1162
0	3.449050e+04
>	1163
0	1.155460e+05
>	1164
0	8.631511e+03
>	1165
0	4.906542e+03
>	1166
0	7.363132e+03
>	1167
0	6.696764e+03
>	1168
0	2.429050e+04
>	1169
0	1.023237e+04
>	1170
0	3.185504e+04
>	1171
0	2.230973e+02
>	1172
0	2.219121e+04
>	1173
0	1.476984e+04
>	1174
0	1.881435e+03
>	1175
0	2.466132e+04
>	1176
0	2.566712e+05
>	1177
0	1.218705e+01
>	1178
0	1.570526e+01
>	1179
0	5.581546e+01
>	1180
0	5.170196e+04
>	1181
0	1.833943e+04
>	1182
0	2.475988e+04
>	1183
>	1184
0	3.247435e+04
>	1185
>	1186
0	9.715525e-01
>	1187
>	1188
0	8.731880e+01
>	1189
0	6.419586e+03
>	1190
0	2.341342e+04
>	1191
0	4.815864e+01
>	1192
0	8.097429e+03
>	1193
0	4.755260e+03
>	1194
0	2.316618e+03
>	1195
0	1.236880e+06
>	1196
0	1.340140e+04
>	1197
0	2.274495e+05
>	1198
0	6.266918e+03
>	1199
0	2.184574e+05
>	1200
0	2.349700e+03
>	1201
0	1.221455e+04
>	1202
0	1.006452e+04
>	1203
0	4.498782e+01
>	1204
0	8.032885e+03
>	1205
0	5.242584e+03
>	1206
0	4.492094e+05
>	1207
0	7.298191e+04
>	1208
0	8.186638e+04
>	1209
0	2.991315e+03
>	1210
0	2.874517e+03
>	1211
0	1.145508e+04
>	1212
0	4.984684e+02
>	1213
0	3.346488e+03
>	1214
0	2.877381e+01
>	1215
0	7.749489e+03
>	1216
0	4.340371e+03
>	1217
0	1.723427e+04
>	1218
0	5.644587e+04
>	1219
0	1.742335e+04
>	1220
0	8.792028e+03
>	1221
0	3.547282e+05
>	1222
0	6.963210e+04
>	1223
0	8.199759e+04
>	1224
0	1.455329e+03
>	1225
0	3.906442e+05
>	1226
0	7.160636e+04
>	1227
0	8.512305e+04
>	1228
0	7.813121e+03
>	1229
0	2.298032e+03
>	1230
0	1.260505e+04
>	1231
0	1.574154e+04
>	1232
0	3.590650e+03
>	1233
0	8.928802e+03
>	1234
0	1.171886e+03
>	1235
0	1.204273e+05
>	1236
0	2.916047e+04
>	1237
0	3.458734e+04
>	1238
0	3.907067e+03
>	1239
0	1.098742e+04
>	1240
0	2.224787e+02
>	1241
0	2.609200e+03
>	1242
0	1.389138e+05
>	1243
0	7.131235e+03
>	1244
0	2.506115e+04
>	1245
0	3.784302e+03
>	1246
0	1.485321e+04
>	1247
0	1.075715e+03
>	1248
0	5.874782e+03
>	1249
0	7.550900e+03
>	1250
0	5.661821e+04
>	1251
0	1.951605e+04
>	1252
0	1.516876e+04
>	1253
0	1.946905e+03
>	1254
0	4.954165e+04
>	1255
0	1.375058e+04
>	1256
0	1.740679e+04
>	1257
0	4.459221e+02
>	1258
0	1.234132e+04
>	1259
0	1.456974e+05
>	1260
0	1.830993e+04
>	1261
0	5.783123e+04
>	1262
0	6.523996e+04
>	1263
0	4.389568e+04
>	1264
0	3.877129e+04
>	1265
0	3.572882e+04
>	1266
0	3.054434e+04
>	1267
0	3.683990e+04
>	1268
0	2.041220e+04
>	1269
0	7.841496e+03
>	1270
0	4.942553e+05
>	1271
0	1.060652e+05
>	1272
0	8.319168e+04
>	1273
0	5.682716e+03
>	1274
0	1.031632e+04
>	1275
0	1.264896e+03
>	1276
0	5.744012e-02
>	1277
0	4.586346e+03
>	1278
0	4.345156e+03
>	1279
0	3.037369e+03
>	1280
0	2.244735e+03
>	1281
0	9.915339e+00
>	1282
0	5.020361e+01
>	1283
0	4.067357e-02
>	1284
0	5.496138e+05
>	1285
0	4.728417e+05
>	1286
0	3.458598e+04
>	1287
0	8.454255e+04
>	1288
0	1.045398e+05
>	1289
0	3.647568e+03
>	1290
0	2.876407e+03
>	1291
0	1.214483e+05
>	1292
0	2.397104e+04
>	1293
0	5.053775e+03
>	1294
0	1.912668e+04
>	1295
0	5.296151e+03
>	1296
0	5.552923e+03
>	1297
0	3.059318e+04
>	1298
0	1.346532e+03
>	1299
>	1300
0	2.351036e+04
>	1301
0	1.147095e+04
>	1302
0	1.105606e+05
>	1303
0	8.958553e+03
>	1304
0	2.123063e+03
>	1305
0	6.601603e+03
>	1306
0	3.637538e+04
>	1307
>	1308
0	2.230087e+03
>	1309
0	2.850367e+04
>	1310
0	1.183476e+05
>	1311
0	6.313180e+03
>	1312
0	6.069578e+03
>	1313
0	6.557855e+03
>	1314
0	2.156135e+04
>	1315
0	4.671149e+03
>	1316
0	1.087649e+04
>	1317
0	9.867600e+03
>	1318
0	3.232149e+04
>	1319
0	5.350599e-01
>	1320
0	1.221398e+04
>	1321
0	9.963703e+03
>	1322
0	4.440583e+02
>	1323
0	2.144355e+04
>	1324
0	2.627561e+04
>	1325
0	2.252195e+05
>	1326
0	5.395811e+04
>	1327
0	4.081325e+03
>	1328
0	4.713499e+04
>	1329
0	3.226572e+04
>	1330
0	1.383583e+01
>	1331
0	6.199748e+01
>	1332
>	1333
0	1.810096e+02
>	1334
0	5.508748e+03
>	1335
0	3.227854e+04
>	1336
0	1.866078e-01
>	1337
0	1.198055e+06
>	1338
0	7.115172e+03
>	1339
0	2.398427e+05
>	1340
0	7.391999e+03
>	1341
0	2.302419e+05
>	1342
0	3.231792e+03
>	1343
0	5.344476e+03
>	1344
0	7.208542e+03
>	1345
0	7.562500e+03
>	1346
0	4.374887e+05
>	1347
0	7.559628e+04
>	1348
0	7.481955e+04
>	1349
0	3.294943e+03
>	1350
0	3.132085e+03
>	1351
0	8.664130e+03
>	1352
0	8.353613e+02
>	1353
0	5.495993e+03
>	1354
0	1.092866e+04
>	1355
0	4.590196e+03
>	1356
0	1.632785e+04
>	1357
0	6.236489e+04
>	1358
0	1.386236e+04
>	1359
0	8.994862e+03
>	1360
0	3.311695e+05
>	1361
0	7.434765e+04
>	1362
0	7.231390e+04
>	1363
0	6.166749e+03
>	1364
0	6.577182e+02
>	1365
0	3.872042e+03
>	1366
0	3.777529e+05
>	1367
0	5.389806e+04
>	1368
0	3.198457e+04
>	1369
0	6.847937e+03
>	1370
0	3.666088e+03
>	1371
0	9.295994e+03
>	1372
0	1.310222e+04
>	1373
0	5.657344e+03
>	1374
0	7.358183e+03
>	1375
0	1.148684e+05
>	1376
0	3.811599e+04
>	1377
0	3.256250e+04
>	1378
>	1379
0	1.145050e+04
>	1380
0	1.467409e+05
>	1381
0	2.209547e+04
>	1382
0	5.034017e+04
>	1383
0	7.549129e+03
>	1384
0	1.318737e+04
>	1385
0	1.722781e+03
>	1386
0	1.082100e+04
>	1387
0	6.059919e+04
>	1388
0	1.579164e+04
>	1389
0	1.727794e+04
>	1390
0	6.765440e+04
>	1391
0	1.304278e+04
>	1392
0	1.887943e+04
>	1393
0	5.107787e+03
>	1394
0	1.184113e+04
>	1395
0	1.113968e+05
>	1396
0	1.296032e+04
>	1397
0	4.081293e+04
>	1398
0	1.226902e+02
>	1399
0	1.519521e+02
>	1400
0	5.278223e+04
>	1401
0	9.532549e+04
>	1402
0	2.168206e+04
>	1403
0	1.664135e+04
>	1404
0	5.701593e+04
>	1405
0	1.705034e+04
>	1406
0	3.174288e+04
>	1407
0	5.383673e+04
>	1408
0	2.390497e+04
>	1409
0	2.165158e+04
>	1410
0	4.889761e+05
>	1411
0	8.639461e+04
>	1412
0	7.238000e+04
>	1413
0	3.140244e+03
>	1414
0	6.635932e+03
>	1415
0	6.039417e+03
>	1416
0	1.833043e+03
>	1417
0	4.093996e-01
>	1418
0	4.013806e+03
>	1419
0	3.237229e+03
>	1420
0	3.023756e+03
>	1421
0	1.149034e+01
>	1422
0	6.127704e+01
>	1423
0	2.119261e+01
>	1424
0	3.347191e+03
>	1425
0	1.004123e+06
>	1426
0	1.187759e+05
>	1427
0	8.415657e+03
>	1428
0	7.326583e+04
>	1429
0	1.228543e+05
>	1430
0	1.412872e+04
>	1431
0	4.953106e+03
>	1432
0	1.148055e+04
>	1433
0	3.636495e+03
>	1434
0	6.093599e+03
>	1435
0	3.372067e+04
>	1436
0	1.574438e+00
>	1437
0	3.375588e+04
>	1438
0	1.133320e+04
>	1439
0	2.708429e+03
>	1440
0	9.988460e-01
>	1441
0	8.365251e+04
>	1442
0	1.804029e+03
>	1443
0	3.837947e+01
>	1444
0	2.186996e+04
>	1445
0	3.215314e+03
>	1446
0	5.030159e+04
>	1447
0	1.115733e+05
>	1448
0	2.017607e+03
>	1449
0	4.652690e+03
>	1450
0	1.018658e+04
>	1451
0	2.526058e+04
>	1452
0	3.912279e+03
>	1453
0	5.600410e+03
>	1454
0	2.317904e+04
>	1455
0	1.042070e+04
>	1456
0	3.235640e+04
>	1457
0	2.994704e+03
>	1458
0	1.098103e+04
>	1459
0	1.136550e+04
>	1460
>	1461
0	1.317780e+04
>	1462
0	2.393322e+04
>	1463
0	2.146375e+05
>	1464
0	3.806799e+04
>	1465
0	5.585550e+04
>	1466
0	4.925015e+03
>	1467
>	1468
0	2.266925e+04
>	1469
0	1.199807e+06
>	1470
0	8.587435e+03
>	1471
0	2.002529e+05
>	1472
0	8.145008e+03
>	1473
0	1.965979e+05
>	1474
0	2.903146e+03
>	1475
0	1.331135e+04
>	1476
0	9.357308e+03
>	1477
0	6.396816e+03
>	1478
0	5.246155e+03
>	1479
0	5.539645e-01
>	1480
0	4.359646e+05
>	1481
0	5.066020e+04
>	1482
0	4.408333e+04
>	1483
0	9.079736e+03
>	1484
0	3.968216e+03
>	1485
0	1.254038e+04
>	1486
0	5.856805e+02
>	1487
0	3.992249e+03
>	1488
0	1.605745e+03
>	1489
0	1.338885e+04
>	1490
0	5.042375e+03
>	1491
0	1.700872e+04
>	1492
0	5.345996e+04
>	1493
0	6.886684e+03
>	1494
0	6.213214e+03
>	1495
0	1.629675e+03
>	1496
0	3.236575e+05
>	1497
0	7.358718e+04
>	1498
0	7.123642e+04
>	1499
0	7.020020e+03
>	1500
0	2.021220e+03
>	1501
0	3.034238e+03
>	1502
0	3.392677e+05
>	1503
0	6.176789e+04
>	1504
0	2.802410e+04
>	1505
0	8.747730e+03
>	1506
0	3.441006e+03
>	1507
0	1.624704e+04
>	1508
0	1.141273e+04
>	1509
0	3.312201e+03
>	1510
0	3.400555e+03
>	1511
0	1.008000e+05
>	1512
0	2.962585e+04
>	1513
0	2.882900e+04
>	1514
0	4.171151e+03
>	1515
0	4.277351e+03
>	1516
0	1.230233e+05
>	1517
0	2.809425e+04
>	1518
0	3.981369e+04
>	1519
0	1.175827e-02
>	1520
0	1.363996e+04
>	1521
0	1.058544e+03
>	1522
0	5.621881e+03
>	1523
0	4.380510e+04
>	1524
0	1.739404e+04
>	1525
0	1.159650e+04
>	1526
0	4.679535e+04
>	1527
0	1.283066e+04
>	1528
0	1.248915e+04
>	1529
0	9.186716e+01
>	1530
0	1.100115e+04
>	1531
0	8.964146e+04
>	1532
0	1.429035e+04
>	1533
0	1.598831e+04
>	1534
0	7.779106e+01
>	1535
0	1.165402e+02
>	1536
0	3.816854e+04
>	1537
0	6.889316e+04
>	1538
0	8.291762e+03
>	1539
0	6.046038e+04
>	1540
0	1.104131e+02
>	1541
0	2.179915e+04
>	1542
0	6.909595e+04
>	1543
0	3.083914e+00
>	1544
>	1545
0	4.537725e+04
>	1546
0	4.833118e+05
>	1547
0	1.008527e+05
>	1548
0	9.533336e+04
>	1549
0	3.046961e+03
>	1550
0	5.809972e+03
>	1551
0	5.808028e+03
>	1552
0	5.299914e+03
>	1553
0	3.867957e+02
>	1554
0	9.878966e+03
>	1555
0	3.247643e+03
>	1556
0	4.304314e+03
>	1557
0	1.923070e+04
>	1558
>	1559
0	6.833027e+03
>	1560
0	1.084141e+06
>	1561
0	1.345014e+05
>	1562
>	1563
0	8.253779e+04
>	1564
0	9.334345e+04
>	1565
0	1.731067e+04
>	1566
0	4.867763e+03
>	1567
0	1.378297e+04
>	1568
0	4.660582e+03
>	1569
0	4.588236e+03
>	1570
0	3.189931e+04
>	1571
>	1572
0	2.847741e-01
>	1573
0	2.950179e+04
>	1574
0	1.166658e+04
>	1575
0	2.399607e+03
>	1576
>	1577
0	7.766960e+04
>	1578
0	6.226837e+03
>	1579
0	4.683925e+01
>	1580
0	2.613660e+04
>	1581
0	4.471216e+03
>	1582
0	5.162117e+04
>	1583
0	4.969680e+03
>	1584
0	1.287537e+05
>	1585
0	3.278620e+03
>	1586
0	5.226061e+03
>	1587
0	1.899482e+04
>	1588
0	8.013541e+03
>	1589
0	2.550755e+04
>	1590
0	1.644785e+04
>	1591
0	3.672447e+04
>	1592
0	3.616179e+03
>	1593
0	1.618610e+04
>	1594
0	1.260242e+04
>	1595
>	1596
0	1.136067e+04
>	1597
0	2.555365e+04
>	1598
0	2.272673e+05
>	1599
0	4.183564e+04
>	1600
0	3.996169e+03
>	1601
0	7.439104e+03
>	1602
0	3.597383e+04
>	1603
0	6.328370e+00
>	1604
0	5.004920e+04
>	1605
0	1.404942e+01
>	1606
0	1.633139e+01
>	1607
>	1608
0	2.768638e+03
>	1609
0	3.268118e+04
>	1610
0	6.082047e+01
>	1611
0	9.199445e+03
>	1612
0	1.055522e+04
>	1613
0	3.328112e+03
>	1614
0	1.176158e+06
>	1615
0	8.218195e+03
>	1616
0	1.898627e+05
>	1617
0	7.338723e+03
>	1618
0	2.171657e+05
>	1619
0	7.033826e+03
>	1620
0	8.093994e+03
>	1621
0	2.454500e+04
>	1622
0	3.989138e+03
>	1623
0	3.478128e+03
>	1624
0	4.262871e-02
>	1625
0	4.236901e+05
>	1626
0	3.145004e+04
>	1627
0	4.394716e+04
>	1628
0	1.073462e+04
>	1629
0	1.401311e+03
>	1630
0	1.269302e+04
>	1631
0	8.790429e+02
>	1632
0	2.219734e+03
>	1633
0	9.489550e+03
>	1634
0	5.661503e+03
>	1635
0	6.257113e+03
>	1636
0	1.558276e+04
>	1637
0	6.312800e+04
>	1638
0	1.184254e+04
>	1639
0	6.709178e+03
>	1640
0	4.232286e+02
>	1641
0	3.556731e+05
>	1642
0	6.775594e+04
>	1643
0	9.069131e+04
>	1644
0	4.734584e+03
>	1645
0	5.396319e+03
>	1646
0	3.654637e+05
>	1647
0	6.795115e+04
>	1648
0	8.156178e+04
>	1649
0	8.998357e+03
>	1650
0	3.431808e+03
>	1651
0	1.077195e+04
>	1652
0	1.253089e+04
>	1653
0	5.891702e+03
>	1654
0	6.924825e+03
>	1655
0	1.085437e+05
>	1656
0	2.472309e+04
>	1657
0	3.663806e+04
>	1658
0	4.511619e+02
>	1659
0	8.786173e+03
>	1660
0	1.931290e+03
>	1661
0	3.352490e+03
>	1662
0	1.213194e+05
>	1663
0	8.212912e+03
>	1664
0	2.442405e+04
>	1665
0	3.164902e+03
>	1666
0	1.187740e+04
>	1667
0	3.316396e+02
>	1668
0	9.116385e+03
>	1669
0	4.620191e+04
>	1670
0	2.110974e+04
>	1671
0	2.042930e+04
>	1672
0	6.637942e+04
>	1673
0	1.303738e+04
>	1674
0	1.914505e+04
>	1675
0	4.000895e+00
>	1676
0	1.011313e+05
>	1677
0	5.153480e+04
>	1678
0	2.727010e+04
>	1679
0	8.771104e+04
>	1680
0	3.343050e+04
>	1681
0	4.772910e+04
>	1682
0	2.814879e+04
>	1683
0	3.623766e+04
>	1684
0	2.906510e+04
>	1685
0	8.689929e+04
>	1686
0	2.427511e+01
>	1687
0	2.887268e+04
>	1688
0	1.159276e+04
>	1689
0	1.859837e+02
>	1690
0	8.257521e+03
>	1691
0	5.230206e+05
>	1692
0	9.912179e+04
>	1693
0	9.057624e+04
>	1694
0	2.959321e+03
>	1695
0	9.660123e+03
>	1696
0	2.011670e+03
>	1697
0	1.886191e+03
>	1698
0	4.556029e+03
>	1699
0	3.950417e+03
>	1700
0	3.825167e+03
>	1701
0	1.705052e+04
>	1702
0	2.317674e+01
>	1703
0	6.873250e+03
>	1704
0	1.095064e+06
>	1705
0	1.231245e+05
>	1706
>	1707
0	8.775783e+04
>	1708
0	5.597679e+04
>	1709
0	5.581208e+04
>	1710
0	1.271473e+04
>	1711
0	5.603299e+03
>	1712
0	9.911798e+03
>	1713
0	5.435416e+03
>	1714
0	3.671502e+03
>	1715
0	1.958650e+04
>	1716
0	2.942794e+03
>	1717
0	6.241714e+00
>	1718
0	2.806066e+04
>	1719
0	7.365306e+03
>	1720
0	4.815886e+03
>	1721
0	4.759394e-03
>	1722
0	8.634044e+04
>	1723
0	3.572006e+03
>	1724
0	2.216452e+01
>	1725
0	1.757490e+04
>	1726
0	1.543003e+04
>	1727
0	8.136562e-02
>	1728
0	4.067161e+03
>	1729
0	4.590882e+04
>	1730
0	3.657439e+03
>	1731
0	1.311719e+05
>	1732
0	2.588904e+03
>	1733
0	6.164620e+03
>	1734
0	8.560999e+03
>	1735
0	2.518630e+04
>	1736
0	3.626856e+04
>	1737
>	1738
0	1.744703e+04
>	1739
0	1.431113e+04
>	1740
>	1741
0	2.792844e+04
>	1742
0	2.232817e+05
>	1743
0	4.920791e+04
>	1744
0	1.746828e+04
>	1745
0	3.228483e+04
>	1746
>	1747
0	4.138516e+04
>	1748
>	1749
0	1.200636e+00
>	1750
>	1751
0	6.940394e+00
>	1752
0	5.119941e+03
>	1753
0	1.365831e+04
>	1754
0	2.098596e+04
>	1755
>	1756
0	6.474294e+00
>	1757
0	5.953372e+01
>	1758
0	8.093153e+03
>	1759
0	7.723456e+03
>	1760
0	2.149984e+03
>	1761
0	1.158348e+06
>	1762
0	8.798731e+03
>	1763
0	2.165443e+05
>	1764
0	6.825559e+03
>	1765
0	2.083338e+05
>	1766
0	7.977686e+03
>	1767
0	1.063750e+04
>	1768
0	2.265832e+04
>	1769
0	1.824027e+03
>	1770
0	6.386159e+03
>	1771
0	3.460332e+03
>	1772
0	2.126611e+03
>	1773
0	3.225034e-01
>	1774
0	4.048372e+05
>	1775
0	5.088034e+04
>	1776
0	3.404646e+04
>	1777
0	9.421607e+03
>	1778
0	2.109406e+03
>	1779
0	1.441484e+04
>	1780
0	8.254247e+02
>	1781
0	2.452676e+03
>	1782
0	7.246746e+03
>	1783
0	4.802563e+03
>	1784
0	6.970581e+03
>	1785
0	1.888906e+04
>	1786
0	5.487543e+04
>	1787
0	1.304155e+04
>	1788
0	6.330350e+03
>	1789
0	9.764266e-01
>	1790
0	2.416879e+03
>	1791
0	3.410547e+03
>	1792
0	3.460043e+05
>	1793
0	5.668628e+04
>	1794
0	7.482388e+04
>	1795
0	1.191111e+03
>	1796
0	3.609088e+05
>	1797
0	6.732898e+04
>	1798
0	8.004860e+04
>	1799
0	3.348437e+03
>	1800
0	3.359279e+03
>	1801
0	1.277540e+04
>	1802
0	1.002916e+04
>	1803
0	4.122637e+03
>	1804
0	6.159282e+03
>	1805
0	9.980444e+04
>	1806
0	3.300387e+04
>	1807
0	2.893613e+04
>	1808
0	9.631358e+03
>	1809
0	1.167420e+04
>	1810
0	1.213520e+05
>	1811
0	1.555684e+04
>	1812
0	4.775620e+04
>	1813
0	1.943855e+03
>	1814
0	1.131305e+04
>	1815
0	1.144677e+04
>	1816
0	3.406191e+03
>	1817
0	4.732129e+04
>	1818
0	9.154328e+03
>	1819
0	1.920542e+04
>	1820
0	2.231560e+02
>	1821
0	5.058954e+04
>	1822
0	1.772485e+04
>	1823
0	1.288883e+04
>	1824
0	5.617638e+00
>	1825
0	7.575836e+03
>	1826
0	1.272786e+04
>	1827
0	1.002281e+05
>	1828
0	5.351872e+04
>	1829
0	3.953469e+04
>	1830
0	1.015111e+05
>	1831
0	1.551660e+04
>	1832
0	4.027118e+04
>	1833
0	2.054091e+04
>	1834
0	4.590482e+04
>	1835
0	6.264119e+03
>	1836
0	5.565049e+04
>	1837
0	3.341883e+00
>	1838
>	1839
0	4.166643e+04
>	1840
>	1841
0	5.432417e+03
>	1842
0	4.582464e+05
>	1843
0	9.764631e+04
>	1844
0	8.450965e+04
>	1845
0	2.509000e+03
>	1846
0	8.225189e+03
>	1847
0	1.286268e+03
>	1848
0	7.619483e-03
>	1849
0	2.052302e+04
>	1850
0	2.564991e+03
>	1851
0	1.959834e+03
>	1852
0	9.573972e-01
>	1853
0	8.237831e+00
>	1854
0	2.327811e+01
>	1855
0	3.194181e+03
>	1856
0	9.675054e+05
>	1857
0	1.190799e+05
>	1858
0	1.108269e+04
>	1859
0	6.983011e+04
>	1860
0	1.354760e+05
>	1861
0	1.429242e+04
>	1862
0	6.146792e+03
>	1863
0	1.403876e+04
>	1864
0	7.055859e+03
>	1865
0	3.452850e+03
>	1866
0	3.471701e+04
>	1867
0	2.443158e+02
>	1868
0	9.888558e-02
>	1869
0	2.921165e+04
>	1870
0	1.436595e+04
>	1871
0	1.021102e+05
>	1872
0	1.202548e+04
>	1873
0	5.873032e+00
>	1874
0	8.660884e+03
>	1875
0	3.869821e+04
>	1876
0	1.623697e+03
>	1877
0	4.194706e+03
>	1878
0	5.192510e+04
>	1879
0	1.203119e+05
>	1880
0	7.469994e+03
>	1881
0	1.078647e+04
>	1882
0	2.635852e+04
>	1883
0	3.390237e+04
>	1884
>	1885
0	1.336889e+04
>	1886
0	1.123291e+04
>	1887
0	1.919272e+03
>	1888
0	2.666355e+04
>	1889
0	2.110945e+05
>	1890
0	5.392983e+04
>	1891
0	2.835750e+03
>	1892
0	4.476741e+04
>	1893
0	3.694441e+04
>	1894
0	1.771350e+01
>	1895
0	7.937305e+01
>	1896
>	1897
0	2.317398e+02
>	1898
0	6.065729e+03
>	1899
0	1.450149e+04
>	1900
0	1.820955e+04
>	1901
>	1902
0	7.965018e+00
>	1903
0	7.269567e+01
>	1904
0	7.073229e+03
>	1905
0	1.162734e+06
>	1906
0	1.073773e+04
>	1907
0	2.324320e+05
>	1908
0	7.726595e+03
>	1909
0	2.059259e+05
>	1910
0	1.269581e+03
>	1911
0	9.280284e+03
>	1912
0	1.586711e+04
>	1913
0	1.158494e+04
>	1914
0	4.037739e+05
>	1915
0	7.123164e+04
>	1916
0	8.038739e+04
>	1917
0	2.705860e+03
>	1918
0	2.778153e+03
>	1919
0	1.253451e+04
>	1920
0	8.916030e+02
>	1921
0	8.349116e+03
>	1922
0	4.152986e+03
>	1923
0	2.104366e+04
>	1924
0	5.594836e+04
>	1925
0	1.130254e+04
>	1926
0	3.257828e+03
>	1927
0	4.281326e+03
>	1928
0	1.975467e+03
>	1929
0	3.341525e+05
>	1930
0	7.907671e+04
>	1931
0	8.715848e+04
>	1932
0	3.174572e+03
>	1933
0	3.838679e+03
>	1934
0	3.292296e+03
>	1935
0	3.474121e+05
>	1936
0	6.334839e+04
>	1937
0	2.127512e+04
>	1938
0	8.470465e+03
>	1939
0	3.078910e+03
>	1940
0	1.342696e+04
>	1941
0	1.658755e+04
>	1942
0	3.598425e+03
>	1943
0	7.356082e+03
>	1944
0	1.131404e+05
>	1945
0	3.253787e+04
>	1946
0	3.562392e+04
>	1947
0	6.284517e+03
>	1948
0	8.875661e+03
>	1949
0	1.281492e+03
>	1950
0	1.172508e+03
>	1951
0	1.239788e+05
>	1952
0	8.284550e+03
>	1953
0	1.940542e+04
>	1954
0	2.015443e+03
>	1955
0	7.606398e+03
>	1956
0	6.276566e+03
>	1957
0	1.195117e+03
>	1958
0	8.083223e+03
>	1959
0	5.164702e+03
>	1960
0	7.183823e+01
>	1961
0	3.867434e+03
>	1962
0	6.398706e+04
>	1963
0	1.655235e+04
>	1964
0	1.786272e+04
>	1965
0	2.070899e+03
>	1966
0	8.848349e+03
>	1967
0	5.994992e+04
>	1968
0	1.349205e+04
>	1969
0	1.991045e+04
>	1970
0	4.026569e+03
>	1971
0	1.676880e+04
>	1972
0	5.891150e+03
>	1973
0	9.771381e+04
>	1974
0	4.499118e+04
>	1975
0	4.746951e+04
>	1976
0	7.892229e+04
>	1977
0	5.121214e+04
>	1978
0	2.490929e+04
>	1979
0	4.943007e+04
>	1980
0	2.079820e+04
>	1981
0	2.822089e+04
>	1982
0	1.114605e+04
>	1983
0	2.054046e+04
>	1984
0	6.642620e+04
>	1985
0	3.057239e+00
>	1986
0	1.776497e-02
>	1987
0	2.360714e+04
>	1988
>	1989
>	1990
0	3.852393e+04
>	1991
0	1.154886e+04
>	1992
>	1993
0	2.179233e+02
>	1994
0	5.246402e+05
>	1995
0	9.473219e+04
>	1996
0	9.170724e+04
>	1997
0	2.963189e+03
>	1998
0	1.575897e+04
>	1999
0	1.598819e+03
>	2000
0	2.524948e-02
>	2001
0	1.578700e+04
>	2002
0	4.381172e+03
>	2003
0	3.789340e+03
>	2004
0	1.417683e+03
>	2005
>	2006
0	4.139933e+01
>	2007
0	1.525132e+02
>	2008
0	4.470520e+04
>	2009
0	9.754540e+05
>	2010
0	9.720634e+04
>	2011
0	1.181724e+04
>	2012
0	7.617454e+04
>	2013
0	1.294415e+05
>	2014
0	1.253608e+04
>	2015
0	1.333950e+04
>	2016
0	1.336431e+04
>	2017
0	2.365361e+03
>	2018
0	9.760722e+03
>	2019
0	3.877999e+04
>	2020
>	2021
0	3.017675e-01
>	2022
0	2.859396e+04
>	2023
0	1.023298e+04
>	2024
0	8.758901e+04
>	2025
0	1.079885e+04
>	2026
0	7.874817e+00
>	2027
0	1.203649e+04
>	2028
0	3.786392e+04
>	2029
0	3.081523e+03
>	2030
0	5.353198e+04
>	2031
0	1.150968e+05
>	2032
0	1.152837e+04
>	2033
0	7.092716e+03
>	2034
0	1.161578e+04
>	2035
0	2.592660e+04
>	2036
0	3.201102e+04
>	2037
0	1.279265e+03
>	2038
0	9.124002e+03
>	2039
0	1.563171e+04
>	2040
>	2041
0	2.762878e+04
>	2042
0	2.420160e+05
>	2043
0	4.497526e+04
>	2044
0	2.581082e+03
>	2045
0	4.444079e+04
>	2046
0	3.993510e+04
>	2047
>	2048
0	1.438761e+00
>	2049
>	2050
0	4.574777e+03
>	2051
0	3.515590e+04
>	2052
0	7.105252e+01
>	2053
0	9.140307e+03
>	2054
0	1.193702e+06
>	2055
0	1.075973e+04
>	2056
0	2.195075e+05
>	2057
>	2058
0	2.351421e+05
>	2059
0	8.163403e+03
>	2060
0	2.128712e+03
>	2061
0	5.674644e+02
>	2062
0	1.319947e+04
>	2063
0	2.443206e+04
>	2064
0	6.929889e+01
>	2065
0	7.441501e+03
>	2066
0	6.210720e+03
>	2067
0	4.067211e+05
>	2068
0	7.359128e+04
>	2069
0	6.459754e+04
>	2070
0	4.308429e+03
>	2071
0	2.399306e+03
>	2072
0	8.797473e+03
>	2073
0	1.800824e+03
>	2074
0	4.239208e+03
>	2075
0	8.928333e+03
>	2076
0	1.668332e+04
>	2077
0	5.153060e+04
>	2078
0	1.602675e+04
>	2079
0	6.249056e+03
>	2080
0	3.502325e+05
>	2081
0	6.859351e+04
>	2082
0	8.111857e+04
>	2083
0	4.284087e+02
>	2084
0	2.741616e+03
>	2085
0	2.956096e+03
>	2086
0	3.676885e+05
>	2087
0	5.386583e+04
>	2088
0	2.656550e+04
>	2089
0	9.382007e+03
>	2090
0	4.025161e+03
>	2091
0	1.308372e+04
>	2092
0	2.716667e+03
>	2093
0	1.528357e+04
>	2094
0	4.198429e+03
>	2095
0	5.781986e+03
>	2096
0	1.179674e+05
>	2097
0	3.514035e+04
>	2098
0	3.925971e+04
>	2099
0	2.106711e+03
>	2100
0	6.630472e+03
>	2101
0	5.764213e+03
>	2102
0	2.895066e+03
>	2103
0	1.365167e+05
>	2104
0	8.854395e+03
>	2105
0	1.873142e+04
>	2106
0	3.930666e+03
>	2107
0	1.076033e+04
>	2108
0	9.037729e+03
>	2109
0	6.754303e+01
>	2110
0	3.989882e+03
>	2111
0	6.079420e+04
>	2112
0	1.776067e+04
>	2113
0	2.398525e+04
>	2114
0	4.367027e+03
>	2115
0	8.239351e+03
>	2116
0	7.033008e+04
>	2117
0	1.312824e+04
>	2118
0	2.206551e+04
>	2119
>	2120
0	7.163559e+03
>	2121
0	1.118751e+05
>	2122
0	3.423301e+04
>	2123
0	4.682512e+04
>	2124
0	1.159589e+05
>	2125
0	4.192319e+03
>	2126
0	5.658742e+04
>	2127
0	6.562024e+04
>	2128
0	7.158823e+03
>	2129
0	4.719117e+04
>	2130
0	8.762125e+03
>	2131
0	1.975310e+04
>	2132
0	5.723332e+04
>	2133
0	4.780565e+00
>	2134
>	2135
0	4.436033e+04
>	2136
0	4.735269e+05
>	2137
0	9.160043e+04
>	2138
0	8.961214e+04
>	2139
0	1.307056e+03
>	2140
0	9.472297e+03
>	2141
0	4.390160e-01
>	2142
0	2.952759e+00
>	2143
0	2.953828e+03
>	2144
0	4.000975e+03
>	2145
0	1.950430e+04
>	2146
0	3.949461e+01
>	2147
0	1.537902e+02
>	2148
0	3.507963e+04
>	2149
0	9.391136e+05
>	2150
0	1.000066e+05
>	2151
0	1.179349e+04
>	2152
0	7.574658e+04
>	2153
0	1.257831e+05
>	2154
0	1.297626e+04
>	2155
0	2.527639e+03
>	2156
0	1.111648e+04
>	2157
0	2.600321e+03
>	2158
0	5.962504e+03
>	2159
0	2.356643e+04
>	2160
0	6.419663e+02
>	2161
0	1.734902e-01
>	2162
0	2.899322e+04
>	2163
0	1.250516e+04
>	2164
0	9.503666e+04
>	2165
0	9.880803e+03
>	2166
0	6.818098e+03
>	2167
0	2.865628e+04
>	2168
0	3.096244e+03
>	2169
0	4.614405e+04
>	2170
0	1.129197e+05
>	2171
0	3.883657e+03
>	2172
0	6.139025e+03
>	2173
0	1.232146e+04
>	2174
0	2.391065e+04
>	2175
0	2.903313e+04
>	2176
0	2.762440e-01
>	2177
0	8.699643e+03
>	2178
0	1.470053e+04
>	2179
>	2180
0	2.573613e+04
>	2181
0	2.133526e+05
>	2182
0	4.329375e+04
>	2183
0	4.435982e+03
>	2184
0	4.299634e+04
>	2185
0	4.151514e+04
>	2186
0	1.434414e+02
>	2187
0	8.283456e+02
>	2188
>	2189
0	2.810172e+04
>	2190
0	9.087872e+03
>	2191
0	1.170405e+06
>	2192
0	1.043761e+04
>	2193
0	2.053067e+05
>	2194
>	2195
0	2.124583e+05
>	2196
0	8.703237e+03
>	2197
0	2.008544e+03
>	2198
0	2.156553e+03
>	2199
0	8.483791e+03
>	2200
0	1.752471e+04
>	2201
0	1.994836e+03
>	2202
0	5.231333e+03
>	2203
0	3.913906e+05
>	2204
0	5.510961e+04
>	2205
0	6.866306e+04
>	2206
0	1.308993e+03
>	2207
0	2.809163e+03
>	2208
0	1.180757e+04
>	2209
0	1.675561e+03
>	2210
0	7.865873e+03
>	2211
0	4.383380e+03
>	2212
0	7.694182e+03
>	2213
0	9.719716e+03
>	2214
0	5.215215e+04
>	2215
0	9.616393e+03
>	2216
0	8.228719e+03
>	2217
0	3.306314e+05
>	2218
0	7.995697e+04
>	2219
0	7.012493e+04
>	2220
0	2.466311e+03
>	2221
0	1.350478e+03
>	2222
0	3.113436e+05
>	2223
0	6.546739e+04
>	2224
0	6.669768e+04
>	2225
0	1.998394e+03
>	2226
0	6.665526e+03
>	2227
0	3.306246e+03
>	2228
0	1.322877e+04
>	2229
0	3.603195e+03
>	2230
0	7.090856e+03
>	2231
0	1.134576e+05
>	2232
0	3.707569e+04
>	2233
0	3.063007e+04
>	2234
0	7.688035e+03
>	2235
0	1.055685e+04
>	2236
0	1.680187e+03
>	2237
0	2.082131e+03
>	2238
0	1.234216e+05
>	2239
0	9.370111e+03
>	2240
0	2.455127e+04
>	2241
0	1.210903e+03
>	2242
0	1.734265e+03
>	2243
0	6.114287e+03
>	2244
0	5.692588e+03
>	2245
0	6.872420e+04
>	2246
0	2.164047e+04
>	2247
0	1.603563e+04
>	2248
0	4.608759e+03
>	2249
0	1.224359e+04
>	2250
0	5.680934e+02
>	2251
0	1.463447e+03
>	2252
0	5.086399e+04
>	2253
0	3.831379e+03
>	2254
0	9.605642e+03
>	2255
0	5.493329e+02
>	2256
0	1.289848e+05
>	2257
0	3.976003e+04
>	2258
0	4.493559e+04
>	2259
0	8.810428e+04
>	2260
0	3.335792e+04
>	2261
0	5.383674e+03
>	2262
0	1.460591e+04
>	2263
0	6.485293e+04
>	2264
0	1.884279e+04
>	2265
0	2.591245e+04
>	2266
>	2267
0	5.607442e+04
>	2268
0	9.775539e+03
>	2269
0	2.980458e+04
>	2270
0	4.686545e+04
>	2271
>	2272
0	1.764698e+04
>	2273
0	4.872757e+05
>	2274
0	9.857207e+04
>	2275
0	8.688712e+04
>	2276
0	4.147654e+03
>	2277
0	8.631141e+03
>	2278
0	1.994442e+03
>	2279
0	1.164974e+03
>	2280
0	3.260769e+03
>	2281
0	1.770052e+04
>	2282
0	4.774728e+01
>	2283
0	1.824438e+02
>	2284
0	4.128305e+04
>	2285
0	9.878588e+05
>	2286
0	9.866354e+04
>	2287
0	1.278164e+04
>	2288
0	8.122897e+04
>	2289
0	1.367785e+05
>	2290
0	1.848885e+04
>	2291
0	5.741512e+03
>	2292
0	1.395089e+04
>	2293
0	6.304147e+03
>	2294
0	5.635359e+03
>	2295
0	3.236187e+04
>	2296
0	7.019188e+02
>	2297
0	1.045627e+01
>	2298
0	3.043446e+04
>	2299
0	1.403706e+04
>	2300
0	1.065058e+05
>	2301
>	2302
0	1.132930e+04
>	2303
0	3.380677e+04
>	2304
0	4.462604e+03
>	2305
0	5.077915e+04
>	2306
0	1.127226e+05
>	2307
0	6.986730e+03
>	2308
0	5.874553e+03
>	2309
0	1.073719e+04
>	2310
0	2.429936e+04
>	2311
0	2.971505e+04
>	2312
0	2.424758e+03
>	2313
0	1.352956e+04
>	2314
0	1.292630e+04
>	2315
>	2316
0	2.583511e+04
>	2317
0	2.184294e+05
>	2318
0	5.024514e+04
>	2319
0	4.918327e+03
>	2320
0	4.579498e+04
>	2321
0	3.380733e+04
>	2322
0	1.745776e+02
>	2323
0	8.491964e+02
>	2324
>	2325
0	2.934594e+04
>	2326
0	1.189576e+06
>	2327
0	9.492438e+03
>	2328
0	2.170320e+05
>	2329
0	6.603200e+03
>	2330
0	2.187518e+05
>	2331
0	1.366391e+04
>	2332
0	5.166531e+03
>	2333
0	2.404215e+04
>	2334
>	2335
0	5.423522e+03
>	2336
0	4.232482e+05
>	2337
0	8.533865e+04
>	2338
0	8.126958e+04
>	2339
0	3.423496e+03
>	2340
0	3.788590e+03
>	2341
0	1.012698e+04
>	2342
0	8.376555e+02
>	2343
0	9.724423e+03
>	2344
0	5.620112e+03
>	2345
0	1.469263e+04
>	2346
0	5.283790e+04
>	2347
0	1.082165e+04
>	2348
0	4.672448e+03
>	2349
0	3.346913e+05
>	2350
0	6.908180e+04
>	2351
0	8.098740e+04
>	2352
0	3.329805e+03
>	2353
0	4.940763e+03
>	2354
0	3.589309e+05
>	2355
0	6.983816e+04
>	2356
0	8.870406e+04
>	2357
>	2358
0	1.334588e+04
>	2359
0	1.816043e+04
>	2360
0	2.979776e+03
>	2361
0	4.076224e+03
>	2362
0	1.046964e+05
>	2363
0	3.188282e+04
>	2364
0	3.434980e+04
>	2365
0	4.489148e+03
>	2366
0	1.070688e+04
>	2367
0	1.221338e+03
>	2368
0	3.221647e+03
>	2369
0	1.058856e+05
>	2370
0	1.396113e+04
>	2371
0	2.202996e+04
>	2372
0	4.103589e+03
>	2373
0	1.336413e+03
>	2374
0	8.355756e+03
>	2375
0	5.346429e+04
>	2376
0	2.107487e+04
>	2377
0	1.002310e+04
>	2378
0	8.064158e+02
>	2379
0	3.822705e+03
>	2380
0	5.399246e+04
>	2381
0	1.289337e+04
>	2382
0	1.740115e+04
>	2383
>	2384
0	1.282425e+05
>	2385
0	2.011688e+04
>	2386
0	4.939916e+04
>	2387
0	9.268890e+04
>	2388
0	3.126314e+04
>	2389
0	5.278140e+04
>	2390
0	2.976863e+03
>	2391
0	3.467006e+04
>	2392
0	5.484948e+04
>	2393
0	1.405621e+04
>	2394
0	4.010985e+04
>	2395
0	3.269898e+04
>	2396
0	7.818314e+02
>	2397
0	9.533201e+03
>	2398
0	4.662329e+03
>	2399
0	8.598659e+03
>	2400
0	1.057424e+04
>	2401
0	2.802281e-02
>	2402
0	1.993462e+04
>	2403
0	5.833415e+00
>	2404
0	3.214424e-01
>	2405
0	7.190197e+04
>	2406
0	1.020879e+05
>	2407
0	2.378440e+01
>	2408
0	2.874765e+04
>	2409
0	9.635335e-01
>	2410
0	1.599610e-02
>	2411
0	7.475684e+03
>	2412
0	1.137481e-01
>	2413
0	7.387459e-01
>	2414
0	7.499968e-02
>	2415
0	8.334140e-03
>	2416
0	3.725958e+00
>	2417
0	7.703128e+03
>	2418
0	7.729913e+02
>	2419
0	1.598155e+01
>	2420
>	2421
0	3.356878e+00
>	2422
0	2.843504e+03
>	2423
0	5.963033e-01
>	2424
>	2425
>	2426
0	9.440555e+02
>	2427
0	8.807937e+00
>	2428
>	2429
>	2430
>	2431
>	2432
>	2433
>	2434
>	2435
>	2436
>	2437
0	3.326241e+02
>	2438
>	2439
0	2.966797e+03
>	2440
0	3.577458e+00
>	2441
0	2.676928e+03
>	2442
>	2443
>	2444
>	2445
>	2446
>	2447
>	2448
0	5.655423e+03
>	2449
0	2.768749e+03
>	2450
0	5.445683e-02
>	2451
0	6.211651e+01
>	2452
0	1.745556e-02
>	2453
0	1.061746e+02
>	2454
0	1.247087e+04
>	2455
>	2456
>	2457
0	6.480859e+01
>	2458
0	8.767037e+00
>	2459
>	2460
0	2.195896e+04
>	2461
0	3.182799e+03
>	2462
0	6.439352e+03
>	2463
>	2464
0	1.306959e+03
>	2465
>	2466
>	2467
>	2468
0	8.052152e+02
>	2469
0	9.620056e+00
>	2470
0	7.730882e+03
>	2471
0	3.673467e+03
>	2472
0	9.680721e+03
>	2473
0	5.779442e+03
>	2474
0	4.306452e+03
>	2475
>	2476
>	2477
>	2478
>	2479
0	6.491941e+03
>	2480
0	6.991974e-01
>	2481
0	4.935235e+03
>	2482
0	1.355194e+04
>	2483
0	5.062817e+03
>	2484
0	3.784258e+03
>	2485
0	7.878051e-02
>	2486
>	2487
0	9.068255e+02
>	2488
0	1.224101e+04
>	2489
0	2.184347e-02
>	2490
0	2.439726e-03
>	2491
0	5.474801e+02
>	2492
0	1.733959e+01
>	2493
>	2494
0	4.178655e+03
>	2495
>	2496
>	2497
>	2498
0	1.546796e+04
>	2499
0	2.292956e+04
>	2500
0	8.521733e+03
>	2501
0	9.869695e+03
>	2502
>	2503
>	2504
>	2505
0	3.562569e+01
>	2506
>	2507
>	2508
>	2509
0	3.332088e+03
>	2510
>	2511
>	2512
>	2513
0	3.831918e+03
>	2514
0	1.037244e+00
>	2515
0	1.871579e-01
>	2516
>	2517
0	1.041935e+03
>	2518
0	7.257327e+01
>	2519
>	2520
0	4.729035e+02
>	2521
0	1.197949e+02
>	2522
0	2.254092e+01
>	2523
0	1.141825e+02
>	2524
0	7.284985e-01
>	2525
0	2.189774e+02
>	2526
0	4.355078e+01
>	2527
>	2528
>	2529
0	2.563474e+02
>	2530
0	3.681120e+03
>	2531
0	9.147466e+03
>	2532
0	5.911534e+03
>	2533
0	2.456584e+02
>	2534
0	8.221136e+03
>	2535
0	1.028519e+03
>	2536
0	1.946333e-02
>	2537
>	2538
>	2539
0	2.848178e+04
>	2540
0	6.692923e+04
>	2541
0	6.084501e+04
>	2542
0	1.629827e-01
>	2543
0	2.032361e+04
>	2544
>	2545
>	2546
0	6.094345e+03
>	2547
0	4.998560e+03
>	2548
>	2549
>	2550
0	2.995504e+01
>	2551
0	9.416390e+00
>	2552
0	6.106862e+02
>	2553
0	3.411310e+00
>	2554
0	9.510945e-01
>	2555
0	1.553904e-01
>	2556
>	2557
0	3.262125e+03
>	2558
>	2559
>	2560
>	2561
>	2562
>	2563
>	2564
>	2565
0	4.554464e+02
>	2566
>	2567
0	5.823423e+02
>	2568
0	1.619183e+00
>	2569
>	2570
0	2.808331e+00
>	2571
0	1.601123e+03
>	2572
>	2573
>	2574
>	2575
>	2576
0	5.090830e+02
>	2577
0	6.667046e+00
>	2578
>	2579
0	4.427057e+03
>	2580
>	2581
>	2582
>	2583
0	7.601393e+02
>	2584
>	2585
>	2586
0	1.200587e+03
>	2587
0	1.589734e+04
>	2588
>	2589
0	1.184321e+01
>	2590
0	3.933259e-01
>	2591
0	1.251359e+04
>	2592
0	5.564948e+03
>	2593
0	1.834902e+04
>	2594
0	1.414990e-02
>	2595
0	1.595031e+03
>	2596
0	3.175523e-03
>	2597
0	5.334761e-04
>	2598
>	2599
0	3.670577e+03
>	2600
0	1.133149e+04
>	2601
0	1.540766e+03
>	2602
0	7.283511e+03
>	2603
0	2.210147e+03
>	2604
0	7.657402e+03
>	2605
0	1.782901e-02
>	2606
>	2607
0	9.605148e+00
>	2608
>	2609
0	5.228547e+03
>	2610
>	2611
0	4.275604e+03
>	2612
0	6.161335e+03
>	2613
0	7.903309e+03
>	2614
0	2.277208e+03
>	2615
0	1.719360e-02
>	2616
>	2617
0	9.937378e+03
>	2618
0	5.188075e+03
>	2619
0	3.856837e+03
>	2620
>	2621
>	2622
>	2623
0	6.365754e+01
>	2624
0	1.368163e-02
>	2625
>	2626
0	1.379070e+03
>	2627
>	2628
>	2629
>	2630
0	1.755519e+04
>	2631
0	2.178744e+04
>	2632
0	9.779504e+03
>	2633
0	6.440459e+03
>	2634
>	2635
>	2636
>	2637
0	5.851858e+00
>	2638
>	2639
>	2640
0	1.753030e+01
>	2641
0	2.388337e-02
>	2642
0	2.347250e+03
>	2643
>	2644
>	2645
>	2646
0	2.218021e+03
>	2647
0	5.536982e-04
>	2648
>	2649
>	2650
0	2.853758e+02
>	2651
0	7.102633e+01
>	2652
0	1.316050e+01
>	2653
0	1.079137e+00
>	2654
0	1.648176e-01
>	2655
>	2656
0	4.915821e+02
>	2657
0	6.078661e+01
>	2658
0	1.237406e+04
>	2659
>	2660
>	2661
>	2662
>	2663
>	2664
0	2.798319e+03
>	2665
0	8.202586e+03
>	2666
0	7.647599e+03
>	2667
0	2.000381e+02
>	2668
0	1.120415e+04
>	2669
0	1.099252e+03
>	2670
0	2.975053e-02
>	2671
>	2672
0	1.835412e+02
>	2673
0	3.446999e+01
>	2674
0	3.049430e+04
>	2675
0	4.621259e+04
>	2676
0	8.573294e+04
>	2677
0	1.169079e+02
>	2678
0	2.723373e+04
>	2679
>	2680
>	2681
0	7.182378e+03
>	2682
0	5.545865e+02
>	2683
0	2.085625e-02
>	2684
0	2.321025e-03
>	2685
>	2686
0	7.671301e+03
>	2687
0	1.005538e+03
>	2688
>	2689
>	2690
>	2691
>	2692
0	6.883022e+01
>	2693
0	1.318943e+04
>	2694
0	2.812636e+03
>	2695
0	2.846119e-02
>	2696
0	2.036959e+04
>	2697
0	1.010693e+03
>	2698
0	2.373114e+04
>	2699
0	6.175888e+03
>	2700
0	3.331953e+03
>	2701
>	2702
0	4.342233e-01
>	2703
0	7.854558e-03
>	2704
>	2705
>	2706
>	2707
0	1.782859e+03
>	2708
>	2709
0	6.977693e-01
>	2710
0	7.997785e-02
>	2711
0	2.656658e+03
>	2712
0	1.245484e+00
>	2713
0	4.470275e+00
>	2714
0	7.341683e-01
>	2715
0	7.392226e-02
>	2716
0	9.027840e-02
>	2717
>	2718
0	6.121401e+02
>	2719
0	2.191691e+01
>	2720
0	3.797153e+00
>	2721
0	2.510615e+03
>	2722
0	7.933089e+02
>	2723
>	2724
0	1.017759e+00
>	2725
0	5.889171e+01
>	2726
>	2727
>	2728
>	2729
0	1.194121e+04
>	2730
>	2731
>	2732
0	6.150304e+01
>	2733
0	5.220818e+03
>	2734
>	2735
0	1.539810e+04
>	2736
0	1.216694e+03
>	2737
0	1.596678e+04
>	2738
>	2739
0	2.813077e+03
>	2740
0	1.742092e-01
>	2741
0	2.482900e-02
>	2742
>	2743
0	2.383768e+03
>	2744
0	1.088482e+04
>	2745
0	2.203937e+03
>	2746
0	1.078089e+04
>	2747
0	3.547897e+03
>	2748
0	3.470200e+03
>	2749
0	3.387827e-02
>	2750
0	4.836151e-03
>	2751
0	2.340396e+01
>	2752
0	9.721305e+00
>	2753
0	3.752713e+02
>	2754
0	2.630367e+03
>	2755
0	8.573588e+03
>	2756
0	9.008804e-07
>	2757
0	8.860848e+03
>	2758
0	4.232283e+03
>	2759
0	3.126629e+03
>	2760
0	3.639370e-02
>	2761
0	5.276516e-03
>	2762
0	7.219113e+03
>	2763
0	8.700688e+03
>	2764
0	2.704622e+03
>	2765
0	9.419157e-02
>	2766
0	1.355808e-02
>	2767
0	6.778778e+01
>	2768
0	7.773324e-01
>	2769
>	2770
>	2771
>	2772
0	1.367477e+03
>	2773
0	1.042237e-04
>	2774
>	2775
>	2776
0	1.342166e+04
>	2777
0	2.500802e+04
>	2778
0	1.191956e+04
>	2779
0	5.913497e+03
>	2780
0	1.704398e-01
>	2781
0	2.712067e-02
>	2782
0	3.606814e-03
>	2783
0	5.909107e+00
>	2784
0	3.194167e+01
>	2785
0	1.355573e+01
>	2786
0	1.198085e+02
>	2787
0	8.427029e+00
>	2788
0	4.275392e+03
>	2789
>	2790
>	2791
>	2792
0	9.954087e+03
>	2793
0	4.722894e+03
>	2794
>	2795
>	2796
>	2797
0	4.566472e+02
>	2798
0	1.165912e+02
>	2799
0	2.192524e+01
>	2800
0	2.510417e+02
>	2801
>	2802
>	2803
0	3.787334e+02
>	2804
>	2805
>	2806
0	1.322197e+04
>	2807
0	1.094771e+02
>	2808
>	2809
>	2810
>	2811
>	2812
>	2813
>	2814
>	2815
>	2816
0	5.904621e+03
>	2817
>	2818
0	5.523787e+03
>	2819
0	4.428435e+03
>	2820
0	1.260950e+02
>	2821
0	1.002774e+04
>	2822
0	7.525838e+02
>	2823
>	2824
>	2825
0	2.369811e+02
>	2826
0	8.802525e+03
>	2827
0	9.805176e+04
>	2828
0	9.744046e+04
>	2829
>	2830
0	3.060250e+04
>	2831
0	4.532396e+00
>	2832
>	2833
0	8.857571e+03
>	2834
0	2.239084e+03
>	2835
0	1.599740e-03
>	2836
0	2.379256e-04
>	2837
>	2838
>	2839
>	2840
>	2841
>	2842
0	4.292891e+02
>	2843
>	2844
0	1.260561e+04
>	2845
0	4.608885e+03
>	2846
0	4.438672e-02
>	2847
0	1.731945e+04
>	2848
0	7.180396e-03
>	2849
0	1.473900e+04
>	2850
0	4.974563e+03
>	2851
0	6.437061e+02
>	2852
>	2853
0	1.551206e+04
>	2854
>	2855
>	2856
0	1.879303e+03
>	2857
0	1.789737e-01
>	2858
0	2.256392e-02
>	2859
>	2860
0	2.800620e+02
>	2861
0	5.619853e-02
>	2862
0	3.617179e+02
>	2863
0	2.097633e+01
>	2864
0	2.898621e-01
>	2865
>	2866
0	3.542400e+03
>	2867
>	2868
>	2869
0	3.513482e+00
>	2870
0	8.847279e+03
>	2871
>	2872
>	2873
>	2874
>	2875
0	1.194883e+01
>	2876
0	1.420995e+04
>	2877
>	2878
0	4.231610e+03
>	2879
0	1.342569e+04
>	2880
0	4.667032e+03
>	2881
0	9.870417e+03
>	2882
>	2883
0	3.899522e+03
>	2884
0	1.232168e-01
>	2885
0	1.741900e-02
>	2886
>	2887
>	2888
0	3.994823e+04
>	2889
0	4.470994e+04
>	2890
0	1.196923e+04
>	2891
0	2.781384e+03
>	2892
0	7.037567e+03
>	2893
0	4.452447e+03
>	2894
0	7.371226e+03
>	2895
0	2.644697e-03
>	2896
0	4.553668e-04
>	2897
0	4.021564e+02
>	2898
0	1.165661e+02
>	2899
0	7.073173e+02
>	2900
0	3.773263e+03
>	2901
0	5.054563e+03
>	2902
0	1.818057e-05
>	2903
0	8.234554e+03
>	2904
0	7.393376e+03
>	2905
0	1.702687e-01
>	2906
0	9.111415e-04
>	2907
0	1.173985e+04
>	2908
0	4.927271e+03
>	2909
0	4.920081e+03
>	2910
>	2911
>	2912
0	5.588892e+02
>	2913
>	2914
0	7.774971e+01
>	2915
0	1.628616e+01
>	2916
0	3.479913e-01
>	2917
0	4.489265e+03
>	2918
>	2919
>	2920
>	2921
0	1.680772e+04
>	2922
0	2.990869e+03
>	2923
>	2924
>	2925
>	2926
0	4.715771e+00
>	2927
>	2928
>	2929
0	3.693165e+01
>	2930
>	2931
0	3.726775e+03
>	2932
0	7.989979e-01
>	2933
>	2934
>	2935
0	9.149328e+03
>	2936
0	1.207759e+04
>	2937
0	3.921323e+03
>	2938
0	4.048180e+03
>	2939
0	1.403797e-01
>	2940
0	2.531956e-02
>	2941
0	3.587148e-03
>	2942
0	1.808006e+01
>	2943
0	3.349389e+00
>	2944
0	5.047210e-01
>	2945
>	2946
>	2947
>	2948
>	2949
>	2950
0	2.096983e+04
>	2951
0	6.332934e+02
>	2952
0	6.318205e+00
>	2953
>	2954
>	2955
>	2956
>	2957
>	2958
0	5.032681e+03
>	2959
0	1.547360e+03
>	2960
>	2961
0	7.303917e+03
>	2962
0	6.238693e+03
>	2963
0	4.558979e+02
>	2964
0	1.076452e+04
>	2965
0	1.209757e+03
>	2966
0	2.075987e-02
>	2967
>	2968
0	4.131212e+03
>	2969
>	2970
0	7.685884e+04
>	2971
0	8.058617e+04
>	2972
0	1.418200e+00
>	2973
0	2.357704e+04
>	2974
>	2975
0	3.359081e-02
>	2976
0	5.034804e+03
>	2977
>	2978
0	1.599738e-04
>	2979
0	2.218540e+03
>	2980
0	1.764770e-02
>	2981
0	1.963956e-03
>	2982
0	1.464311e+03
>	2983
0	1.080724e+04
>	2984
>	2985
0	5.041067e+00
>	2986
0	2.315886e+02
>	2987
0	2.696045e+00
>	2988
0	9.680848e-01
>	2989
0	1.048508e+00
>	2990
0	1.765376e-02
>	2991
0	1.054485e+04
>	2992
0	5.600737e-02
>	2993
0	1.768419e+04
>	2994
0	4.358254e+03
>	2995
0	4.159534e+02
>	2996
0	8.594127e-04
>	2997
0	9.215849e+03
>	2998
0	1.438663e-05
>	2999
0	1.636418e-06
>	3000
0	3.213838e+03
>	3001
0	2.342999e-01
>	3002
>	3003
>	3004
0	1.135021e-01
>	3005
>	3006
>	3007
0	2.424932e-01
>	3008
0	4.948036e+00
>	3009
0	1.959342e+02
>	3010
0	1.723902e-01
>	3011
>	3012
>	3013
>	3014
>	3015
0	2.977522e+03
>	3016
>	3017
>	3018
0	2.864811e+03
>	3019
>	3020
0	9.939021e+03
>	3021
0	1.157089e+04
>	3022
>	3023
0	1.463721e+05
>	3024
0	3.255729e+04
>	3025
0	6.603783e+02
>	3026
0	1.597144e+04
>	3027
>	3028
0	3.618300e+03
>	3029
0	8.246912e-02
>	3030
0	1.039606e-02
>	3031
>	3032
0	7.941417e+03
>	3033
0	2.159735e+04
>	3034
0	4.780326e+04
>	3035
0	1.393061e+04
>	3036
0	2.406145e+03
>	3037
0	8.922500e+03
>	3038
0	3.013340e+03
>	3039
0	3.967966e+03
>	3040
>	3041
>	3042
0	1.220723e+02
>	3043
0	8.627281e+01
>	3044
0	2.338035e+03
>	3045
0	6.420615e+02
>	3046
0	6.084482e+03
>	3047
0	3.050013e-05
>	3048
0	9.881956e+03
>	3049
0	7.725062e+03
>	3050
>	3051
>	3052
0	7.464479e+03
>	3053
0	8.560678e+03
>	3054
0	2.658117e+03
>	3055
>	3056
>	3057
0	6.619473e+02
>	3058
>	3059
>	3060
>	3061
0	2.650373e+03
>	3062
0	8.744127e-05
>	3063
>	3064
>	3065
0	1.233868e+04
>	3066
0	4.140963e+03
>	3067
>	3068
>	3069
>	3070
0	3.659175e+00
>	3071
>	3072
0	1.939981e+03
>	3073
>	3074
>	3075
>	3076
0	1.241293e+04
>	3077
0	1.261526e+04
>	3078
0	5.631534e+03
>	3079
0	6.261446e+03
>	3080
>	3081
>	3082
>	3083
0	7.950394e+01
>	3084
>	3085
0	6.726616e+02
>	3086
0	1.674167e+02
>	3087
0	3.102072e+01
>	3088
0	1.483742e+00
>	3089
0	2.266133e-01
>	3090
>	3091
0	1.550106e+02
>	3092
>	3093
0	4.241699e+00
>	3094
0	2.531006e-01
>	3095
>	3096
>	3097
0	7.077907e+03
>	3098
>	3099
0	8.629056e+03
>	3100
0	8.943388e+03
>	3101
0	1.498580e+03
>	3102
0	1.617270e+04
>	3103
0	3.440156e-03
>	3104
0	3.619843e-04
>	3105
>	3106
0	3.253459e+04
>	3107
0	1.033872e+05
>	3108
0	8.224735e+04
>	3109
>	3110
0	3.050429e+04
>	3111
0	7.042222e+00
>	3112
0	2.198479e+01
>	3113
0	1.248338e+04
>	3114
0	1.096808e+00
>	3115
>	3116
>	3117
>	3118
0	7.948117e+02
>	3119
0	8.782046e+03
>	3120
>	3121
0	6.856827e+02
>	3122
0	3.836869e+02
>	3123
>	3124
>	3125
>	3126
0	8.885304e+03
>	3127
0	4.706261e+03
>	3128
>	3129
0	2.434364e+04
>	3130
0	3.025551e+03
>	3131
0	1.685432e+04
>	3132
0	6.251341e+03
>	3133
>	3134
>	3135
0	2.230609e+04
>	3136
>	3137
>	3138
0	2.627297e+03
>	3139
0	1.115580e-01
>	3140
>	3141
0	3.070680e+01
>	3142
0	5.219514e+03
>	3143
0	9.647073e+00
>	3144
0	1.074258e+03
>	3145
>	3146
0	1.501781e+00
>	3147
0	1.486066e+00
>	3148
0	1.959074e+03
>	3149
>	3150
>	3151
>	3152
>	3153
>	3154
0	3.150402e+03
>	3155
>	3156
>	3157
0	2.445851e+03
>	3158
>	3159
0	1.129699e+04
>	3160
0	1.674347e+04
>	3161
>	3162
>	3163
0	1.297966e+05
>	3164
0	2.527530e+04
>	3165
0	3.149925e+03
>	3166
0	1.259261e+04
>	3167
>	3168
0	4.759118e+03
>	3169
>	3170
>	3171
0	5.124637e+03
>	3172
0	2.242110e+03
>	3173
0	7.775199e+02
>	3174
0	1.426644e+04
>	3175
0	5.957867e+03
>	3176
0	1.115165e-02
>	3177
>	3178
0	4.151832e+02
>	3179
0	1.274026e+02
>	3180
0	6.246628e+03
>	3181
>	3182
0	5.772417e+03
>	3183
0	1.057918e+04
>	3184
0	1.391935e+04
>	3185
0	2.351417e-01
>	3186
0	3.346531e-02
>	3187
0	1.010302e+04
>	3188
0	1.167390e+04
>	3189
0	2.391149e-01
>	3190
0	1.808218e-03
>	3191
0	1.072493e+02
>	3192
>	3193
>	3194
0	5.050888e+03
>	3195
>	3196
>	3197
>	3198
0	3.907857e+03
>	3199
0	6.842620e+03
>	3200
0	1.009518e-02
>	3201
0	1.299583e-03
>	3202
>	3203
0	7.178846e+00
>	3204
>	3205
>	3206
>	3207
0	1.709323e+01
>	3208
0	3.961373e+00
>	3209
0	6.824460e-01
>	3210
>	3211
0	1.191377e+04
>	3212
0	5.052715e+01
>	3213
0	1.163191e+01
>	3214
0	2.097322e+00
>	3215
0	2.971381e-01
>	3216
0	1.075371e+02
>	3217
>	3218
0	2.663851e-03
>	3219
>	3220
>	3221
>	3222
>	3223
>	3224
0	5.226716e-01
>	3225
0	8.444310e-02
>	3226
>	3227
0	7.248160e+01
>	3228
>	3229
0	3.125077e+02
>	3230
0	1.397377e+02
>	3231
0	4.909648e+03
>	3232
>	3233
0	6.378236e+03
>	3234
0	6.668808e+03
>	3235
0	9.554639e+02
>	3236
0	1.169392e+04
>	3237
0	1.200263e+03
>	3238
0	2.745275e-02
>	3239
>	3240
0	3.420314e+04
>	3241
0	7.947095e+04
>	3242
0	7.590605e+04
>	3243
>	3244
0	2.541590e+04
>	3245
>	3246
>	3247
0	6.625365e+03
>	3248
>	3249
>	3250
0	3.793834e+03
>	3251
>	3252
>	3253
>	3254
>	3255
>	3256
>	3257
>	3258
>	3259
0	1.165902e+04
>	3260
0	7.103152e+03
>	3261
0	1.028693e-02
>	3262
0	7.015861e+02
>	3263
>	3264
>	3265
>	3266
0	2.030075e+04
>	3267
>	3268
>	3269
0	1.786307e+03
>	3270
0	2.118487e-01
>	3271
0	2.415984e-02
>	3272
>	3273
0	2.244082e+03
>	3274
0	6.622615e+01
>	3275
>	3276
>	3277
0	2.464162e+02
>	3278
>	3279
0	1.393877e+03
>	3280
>	3281
>	3282
>	3283
>	3284
0	1.485037e-01
>	3285
0	8.826485e+03
>	3286
0	2.927166e-02
>	3287
0	8.158950e-02
>	3288
0	2.133851e+02
>	3289
0	4.818654e-03
>	3290
0	3.889240e+02
>	3291
0	1.455498e+04
>	3292
0	3.243321e+02
>	3293
0	7.372589e-02
>	3294
>	3295
0	2.807794e+00
>	3296
0	3.173802e+04
>	3297
0	5.251591e+03
>	3298
0	1.330077e+04
>	3299
0	5.377435e+00
>	3300
0	1.442055e+03
>	3301
0	1.005621e-01
>	3302
0	1.132384e-02
>	3303
0	1.224102e+03
>	3304
0	4.653019e+03
>	3305
0	2.212043e+03
>	3306
0	9.541648e+03
>	3307
0	2.807082e+03
>	3308
0	5.197613e+03
>	3309
0	3.853263e-02
>	3310
0	5.513152e-03
>	3311
0	2.487757e+02
>	3312
0	1.206300e+02
>	3313
0	1.004142e+03
>	3314
>	3315
0	4.294895e+03
>	3316
0	3.661464e+01
>	3317
0	1.524472e+04
>	3318
0	6.195706e+03
>	3319
>	3320
>	3321
0	1.709715e+02
>	3322
0	1.285444e+04
>	3323
0	7.634169e+03
>	3324
0	2.124688e+03
>	3325
0	1.269880e-01
>	3326
0	2.072615e-02
>	3327
>	3328
0	9.464010e+01
>	3329
0	1.950238e+01
>	3330
0	3.013751e+00
>	3331
0	3.390555e+03
>	3332
0	5.207727e-01
>	3333
0	8.118913e-02
>	3334
0	1.125926e-02
>	3335
0	1.250454e+04
>	3336
0	2.357569e+04
>	3337
0	1.268284e+04
>	3338
0	8.437022e+03
>	3339
0	1.581441e-02
>	3340
0	3.320894e-03
>	3341
0	5.243848e-04
>	3342
0	1.370839e+01
>	3343
0	2.203907e+00
>	3344
>	3345
>	3346
>	3347
0	5.001645e+03
>	3348
0	7.233123e-01
>	3349
>	3350
>	3351
0	5.852307e+03
>	3352
0	1.552654e+03
>	3353
0	2.775820e+00
>	3354
>	3355
>	3356
>	3357
>	3358
>	3359
>	3360
>	3361
>	3362
>	3363
>	3364
>	3365
0	9.768003e+02
>	3366
0	3.969126e+01
>	3367
>	3368
>	3369
>	3370
0	3.543835e+03
>	3371
0	8.950019e+03
>	3372
0	5.761841e+03
>	3373
0	8.719426e+02
>	3374
0	9.012035e+03
>	3375
0	8.699515e+03
>	3376
>	3377
>	3378
0	4.226580e+01
>	3379
0	2.566051e+04
>	3380
0	6.515925e+04
>	3381
0	9.446830e+04
>	3382
>	3383
0	1.832863e+04
>	3384
0	8.102656e+00
>	3385
>	3386
0	4.350295e+03
>	3387
0	6.974389e+03
>	3388
0	2.799397e-02
>	3389
0	3.424104e-03
>	3390
0	1.017024e+00
>	3391
0	2.045526e+04
>	3392
0	2.987526e+03
>	3393
>	3394
>	3395
0	4.605251e-02
>	3396
0	1.138153e+04
>	3397
>	3398
0	1.052113e+04
>	3399
0	5.264335e+00
>	3400
0	5.593129e+00
>	3401
>	3402
>	3403
0	7.593495e+01
>	3404
0	1.154336e+01
>	3405
>	3406
>	3407
0	3.222166e+03
>	3408
>	3409
0	1.481275e+01
>	3410
>	3411
0	2.112877e+02
>	3412
0	1.084820e+01
>	3413
0	3.100496e+03
>	3414
>	3415
>	3416
>	3417
>	3418
0	4.465942e+02
>	3419
0	1.233413e+01
>	3420
0	5.657973e-01
>	3421
0	4.438045e-01
>	3422
0	8.898657e+03
>	3423
0	7.640495e+03
>	3424
0	2.319536e+04
>	3425
0	8.826231e-01
>	3426
0	4.368747e-01
>	3427
0	7.903639e+01
>	3428
0	1.112796e-01
>	3429
0	1.082828e-01
>	3430
>	3431
0	1.361251e+04
>	3432
>	3433
>	3434
>	3435
0	1.644870e+03
>	3436
>	3437
>	3438
0	6.551882e-01
>	3439
>	3440
0	1.613414e+04
>	3441
0	2.197204e+03
>	3442
0	1.533819e+04
>	3443
>	3444
0	3.289147e+03
>	3445
0	6.113523e-02
>	3446
0	7.372641e-03
>	3447
0	2.207816e+03
>	3448
>	3449
0	5.016324e+03
>	3450
0	2.134742e+03
>	3451
0	7.784591e+03
>	3452
0	4.350757e+03
>	3453
0	4.701066e+03
>	3454
>	3455
0	3.048866e-02
>	3456
>	3457
>	3458
0	1.984462e+02
>	3459
0	1.093539e+02
>	3460
0	3.984044e+03
>	3461
>	3462
0	4.302528e+03
>	3463
0	4.466990e+01
>	3464
0	1.498276e+04
>	3465
0	1.234225e+04
>	3466
0	3.423693e-02
>	3467
0	6.419733e-03
>	3468
0	1.328468e+01
>	3469
0	1.243634e+04
>	3470
0	4.818868e+03
>	3471
0	4.208993e+03
>	3472
>	3473
>	3474
0	3.375437e+00
>	3475
0	6.447981e+02
>	3476
0	2.184490e-01
>	3477
>	3478
>	3479
0	4.554823e+03
>	3480
0	4.139002e-01
>	3481
>	3482
>	3483
0	1.968684e+04
>	3484
0	2.631719e+04
>	3485
0	8.659006e+03
>	3486
0	8.148367e+03
>	3487
0	2.047022e-01
>	3488
0	3.231594e-02
>	3489
0	4.160966e-03
>	3490
0	1.228368e+02
>	3491
0	1.927504e+00
>	3492
0	7.813179e+00
>	3493
0	2.742356e+00
>	3494
>	3495
0	2.675727e+03
>	3496
0	1.988293e-04
>	3497
>	3498
>	3499
0	3.388276e+03
>	3500
0	6.526608e+02
>	3501
>	3502
>	3503
>	3504
>	3505
0	1.931412e+03
>	3506
0	1.057887e+02
>	3507
>	3508
0	3.984226e+02
>	3509
0	1.063733e+00
>	3510
>	3511
>	3512
>	3513
>	3514
>	3515
0	4.170660e+04
>	3516
0	8.741316e+03
>	3517
0	2.285550e-01
>	3518
0	8.315383e+01
>	3519
>	3520
0	5.594853e+03
>	3521
0	8.646392e+03
>	3522
0	1.144432e+04
>	3523
0	2.980616e-02
>	3524
0	1.738798e+04
>	3525
0	4.660948e+00
>	3526
0	6.309126e-01
>	3527
0	1.184638e+04
>	3528
0	1.184626e+04
>	3529
>	3530
0	2.901918e+04
>	3531
0	4.744115e+04
>	3532
0	6.128608e+04
>	3533
0	3.648170e+03
>	3534
0	2.473555e+04
>	3535
>	3536
>	3537
0	6.565432e+03
>	3538
>	3539
>	3540
0	3.195755e+03
>	3541
0	2.525296e-02
>	3542
0	2.808283e-03
>	3543
0	6.295253e-01
>	3544
0	1.606109e+04
>	3545
0	3.325321e+03
>	3546
>	3547
>	3548
0	1.058459e-01
>	3549
0	1.181401e-02
>	3550
0	1.742114e+04
>	3551
0	5.904504e-02
>	3552
0	3.028984e+04
>	3553
0	4.785096e+01
>	3554
0	4.263595e-02
>	3555
>	3556
0	1.493772e+04
>	3557
0	4.924032e-03
>	3558
0	9.469716e+02
>	3559
0	1.700487e-01
>	3560
0	1.939284e-02
>	3561
>	3562
>	3563
0	2.744710e+03
>	3564
>	3565
0	1.144827e+02
>	3566
>	3567
>	3568
0	6.172159e+02
>	3569
0	2.198273e-01
>	3570
0	2.703149e-02
>	3571
>	3572
>	3573
0	5.578270e+01
>	3574
0	3.908043e+03
>	3575
0	5.104621e+03
>	3576
0	5.459416e+01
>	3577
0	1.847118e+04
>	3578
>	3579
0	1.122002e+00
>	3580
0	1.131576e+00
>	3581
>	3582
>	3583
0	1.778928e+02
>	3584
0	1.311577e+04
>	3585
>	3586
>	3587
>	3588
0	4.795157e+01
>	3589
0	3.625763e+03
>	3590
0	1.663763e-01
>	3591
>	3592
>	3593
0	1.332503e+04
>	3594
0	1.430247e+02
>	3595
0	1.128034e+04
>	3596
0	2.418913e+01
>	3597
0	3.420011e+03
>	3598
0	5.742830e-01
>	3599
0	1.276644e-01
>	3600
>	3601
>	3602
0	7.840901e+02
>	3603
>	3604
0	3.068379e+03
>	3605
0	2.467091e+03
>	3606
0	1.071245e+04
>	3607
0	4.434711e+02
>	3608
0	6.110599e+03
>	3609
>	3610
0	3.745722e-01
>	3611
0	1.264089e-01
>	3612
>	3613
0	2.645328e+01
>	3614
>	3615
>	3616
0	2.020154e+02
>	3617
>	3618
0	5.434754e+03
>	3619
0	8.264698e+03
>	3620
0	9.870151e+03
>	3621
0	2.722261e-01
>	3622
>	3623
0	9.736419e+03
>	3624
0	3.815938e+03
>	3625
0	3.758598e+03
>	3626
0	5.374410e-02
>	3627
0	7.757743e-03
>	3628
>	3629
0	1.258218e+03
>	3630
>	3631
>	3632
>	3633
0	5.224185e+02
>	3634
0	8.892588e-05
>	3635
>	3636
>	3637
0	1.701919e+04
>	3638
0	1.912251e+04
>	3639
0	1.076570e+04
>	3640
0	6.882882e+03
>	3641
>	3642
>	3643
>	3644
0	2.173815e+00
>	3645
>	3646
>	3647
>	3648
0	2.477256e+03
>	3649
0	5.806935e-01
>	3650
>	3651
>	3652
0	3.672822e+03
>	3653
>	3654
>	3655
>	3656
0	1.701283e+01
>	3657
>	3658
>	3659
>	3660
>	3661
>	3662
>	3663
>	3664
>	3665
0	3.683990e+04
>	3666
0	5.296445e+03
>	3667
0	1.047862e-01
>	3668
0	9.779527e+03
>	3669
0	1.161111e+04
>	3670
0	3.594363e+03
>	3671
>	3672
0	1.403558e+04
>	3673
0	5.739931e-02
>	3674
0	8.349686e-03
>	3675
0	2.019834e+02
>	3676
0	1.347484e+04
>	3677
0	1.347467e+04
>	3678
0	9.908338e+00
>	3679
0	2.804924e+04
>	3680
0	3.558348e+04
>	3681
0	6.710154e+04
>	3682
0	2.209811e-01
>	3683
0	2.709373e+04
>	3684
0	2.181912e+01
>	3685
0	1.732430e+01
>	3686
0	7.975079e+03
>	3687
0	8.351103e-01
>	3688
0	1.089863e-01
>	3689
0	2.391614e+03
>	3690
0	3.067398e-04
>	3691
0	2.149975e-04
>	3692
0	2.031753e+00
>	3693
0	7.630299e+03
>	3694
0	5.057002e+03
>	3695
0	9.745865e-01
>	3696
>	3697
0	8.683112e-02
>	3698
0	2.703376e-02
>	3699
0	5.815973e+02
>	3700
0	5.592470e+02
>	3701
0	2.271315e-01
>	3702
0	7.885357e-02
>	3703
0	2.195496e+04
>	3704
0	2.542542e-02
>	3705
0	1.925999e+03
>	3706
>	3707
>	3708
>	3709
>	3710
>	3711
>	3712
>	3713
0	3.570387e+01
>	3714
0	5.450288e+00
>	3715
0	5.792289e+00
>	3716
0	1.316532e+03
>	3717
0	3.259848e+00
>	3718
0	1.627043e+00
>	3719
0	5.355157e-01
>	3720
0	3.291328e-01
>	3721
>	3722
>	3723
0	1.044658e+04
>	3724
>	3725
>	3726
0	6.196114e+01
>	3727
>	3728
0	1.030033e+02
>	3729
0	1.392177e+04
>	3730
>	3731
0	9.663197e-01
>	3732
0	8.174173e-01
>	3733
0	1.258316e+00
>	3734
0	3.810047e+03
>	3735
0	1.578926e+04
>	3736
0	2.722687e+03
>	3737
0	1.349395e+04
>	3738
>	3739
0	2.546876e+03
>	3740
>	3741
0	3.769587e-02
>	3742
0	4.751944e-03
>	3743
0	2.380939e+03
>	3744
0	5.564763e+03
>	3745
0	2.958667e+03
>	3746
0	1.284969e+04
>	3747
0	4.029288e+03
>	3748
0	5.477482e-02
>	3749
0	7.355267e-03
>	3750
>	3751
>	3752
>	3753
0	3.578944e+02
>	3754
>	3755
0	1.615346e+03
>	3756
0	6.947849e-01
>	3757
0	3.930851e+03
>	3758
0	1.116029e+04
>	3759
0	1.383867e+03
>	3760
0	4.608848e+03
>	3761
0	1.781662e-02
>	3762
>	3763
0	4.446020e+04
>	3764
0	2.208824e+04
>	3765
0	6.444495e+03
>	3766
0	3.249785e+03
>	3767
0	1.277970e-01
>	3768
0	2.072709e-02
>	3769
>	3770
0	7.158941e+01
>	3771
0	1.474412e+01
>	3772
0	2.276443e+00
>	3773
0	5.621121e+03
>	3774
0	2.873475e+00
>	3775
>	3776
>	3777
0	1.745913e+04
>	3778
0	7.569241e+03
>	3779
0	1.065271e+00
>	3780
0	1.681723e-01
>	3781
0	2.165368e-02
>	3782
>	3783
>	3784
>	3785
>	3786
>	3787
>	3788
0	9.993882e+02
>	3789
0	1.136602e+00
>	3790
0	2.052155e-01
>	3791
0	2.907390e-02
>	3792
0	3.992199e+00
>	3793
0	4.963754e+02
>	3794
0	4.015495e+02
>	3795
0	1.234116e+02
>	3796
0	3.776266e+03
>	3797
0	1.519521e+02
>	3798
0	2.283010e+01
>	3799
0	4.515270e+02
>	3800
0	3.120602e+01
>	3801
>	3802
0	2.995124e+02
>	3803
0	8.033897e+01
>	3804
0	1.599093e+01
>	3805
0	2.822349e+01
>	3806
0	1.259730e+01
>	3807
0	1.419271e+02
>	3808
0	1.023012e+04
>	3809
0	6.333058e+03
>	3810
0	9.112781e+03
>	3811
0	2.255295e-01
>	3812
0	2.137705e+04
>	3813
>	3814
>	3815
>	3816
0	1.381094e+02
>	3817
0	2.513664e+04
>	3818
0	1.148222e+01
>	3819
0	3.984207e+04
>	3820
0	8.133936e+04
>	3821
0	6.186587e+04
>	3822
>	3823
0	1.266422e+04
>	3824
>	3825
>	3826
0	5.531396e+03
>	3827
0	4.253851e+03
>	3828
0	2.086036e-03
>	3829
0	3.102513e-04
>	3830
0	3.288969e+01
>	3831
0	2.731159e+01
>	3832
>	3833
>	3834
>	3835
>	3836
0	1.501119e+04
>	3837
0	2.393400e+02
>	3838
0	2.682411e+04
>	3839
0	4.027279e+03
>	3840
0	6.213212e-02
>	3841
0	7.319422e-03
>	3842
0	7.227514e-03
>	3843
0	6.329187e+01
>	3844
>	3845
0	1.738497e+00
>	3846
0	1.987619e-01
>	3847
0	1.052528e+03
>	3848
0	1.869934e-01
>	3849
0	2.139900e-02
>	3850
0	1.150760e+02
>	3851
0	3.919377e+00
>	3852
>	3853
0	9.523949e+00
>	3854
0	2.212530e+00
>	3855
0	3.633712e-01
>	3856
0	3.658728e-02
>	3857
0	4.468263e-02
>	3858
>	3859
>	3860
>	3861
0	1.234982e+04
>	3862
>	3863
>	3864
>	3865
>	3866
>	3867
0	1.477748e+04
>	3868
0	2.895887e+03
>	3869
0	1.407291e+04
>	3870
0	1.852299e-02
>	3871
0	5.471978e+03
>	3872
>	3873
>	3874
>	3875
0	6.779681e-01
>	3876
0	1.180630e+04
>	3877
0	4.950984e+04
>	3878
0	1.297541e+04
>	3879
0	5.291459e+03
>	3880
0	7.944516e+03
>	3881
0	2.529104e+03
>	3882
0	4.689919e+03
>	3883
>	3884
>	3885
>	3886
>	3887
0	1.668503e+01
>	3888
0	1.595081e+00
>	3889
>	3890
0	3.350658e+03
>	3891
0	3.159619e+03
>	3892
0	1.577252e-03
>	3893
>	3894
0	7.125528e+03
>	3895
0	3.542056e+03
>	3896
0	3.093326e+03
>	3897
>	3898
>	3899
0	6.205558e+04
>	3900
0	1.320039e+04
>	3901
0	7.876092e+03
>	3902
0	3.716780e+03
>	3903
0	3.002500e-03
>	3904
>	3905
>	3906
0	8.664490e+02
>	3907
0	5.854125e+00
>	3908
>	3909
0	4.476335e+03
>	3910
>	3911
>	3912
>	3913
0	4.288069e+03
>	3914
0	8.226881e+03
>	3915
0	2.265461e-02
>	3916
0	3.882285e-03
>	3917
0	3.303122e-04
>	3918
>	3919
>	3920
>	3921
0	1.235835e+02
>	3922
0	2.828972e+01
>	3923
0	7.160317e-01
>	3924
0	4.193066e+03
>	3925
>	3926
>	3927
>	3928
0	4.604690e+00
>	3929
0	2.104462e+01
>	3930
>	3931
>	3932
0	3.460870e+03
>	3933
>	3934
>	3935
0	9.528927e+02
>	3936
0	6.995937e+01
>	3937
0	4.153494e+02
>	3938
0	2.281878e+01
>	3939
>	3940
0	6.909595e+04
>	3941
>	3942
>	3943
0	4.905411e+02
>	3944
0	9.673443e+03
>	3945
0	5.304999e+03
>	3946
0	5.915549e+03
>	3947
0	5.850251e+02
>	3948
0	4.510050e+03
>	3949
0	3.486413e+02
>	3950
0	4.845282e+03
>	3951
0	2.364447e-02
>	3952
0	2.558417e-03
>	3953
0	7.667073e-04
>	3954
0	2.809585e+04
>	3955
0	6.467862e+04
>	3956
0	9.781643e+04
>	3957
>	3958
0	2.448461e+04
>	3959
>	3960
>	3961
0	9.107279e+03
>	3962
0	2.199518e+03
>	3963
0	2.839160e-02
>	3964
0	3.430798e-03
>	3965
>	3966
>	3967
0	9.076305e+00
>	3968
>	3969
>	3970
0	1.911658e+00
>	3971
>	3972
0	1.345909e+04
>	3973
0	1.359823e+03
>	3974
0	3.494907e+04
>	3975
0	3.079375e+03
>	3976
0	7.675998e-02
>	3977
>	3978
>	3979
>	3980
>	3981
0	3.389931e+01
>	3982
>	3983
>	3984
0	5.537015e+02
>	3985
>	3986
>	3987
>	3988
>	3989
0	9.389811e+02
>	3990
>	3991
>	3992
>	3993
>	3994
>	3995
>	3996
0	4.252041e+02
>	3997
>	3998
>	3999
0	4.208430e-01
>	4000
0	4.243604e-01
>	4001
>	4002
>	4003
0	2.420383e+01
>	4004
0	1.149022e+04
>	4005
>	4006
>	4007
0	6.078487e+01
>	4008
0	3.047598e+03
>	4009
>	4010
>	4011
>	4012
0	1.810181e+04
>	4013
0	4.236286e+03
>	4014
0	1.289734e+04
>	4015
>	4016
0	4.891031e+03
>	4017
0	7.340160e-03
>	4018
>	4019
>	4020
0	1.551354e-01
>	4021
0	2.220260e+04
>	4022
0	4.601253e+04
>	4023
0	1.376871e+04
>	4024
0	1.870418e+03
>	4025
0	3.772183e+03
>	4026
0	3.165459e+03
>	4027
0	3.152391e+03
>	4028
0	1.878903e-02
>	4029
0	2.428940e-03
>	4030
>	4031
0	5.949298e+01
>	4032
0	2.475806e+00
>	4033
0	1.132995e+00
>	4034
0	3.519056e-01
>	4035
0	7.692871e+02
>	4036
0	1.095454e+03
>	4037
0	5.924295e+03
>	4038
>	4039
0	4.642222e+03
>	4040
0	1.016456e+04
>	4041
0	1.951563e+03
>	4042
>	4043
>	4044
0	4.517381e+03
>	4045
0	6.917257e+03
>	4046
0	3.883520e+03
>	4047
0	4.486913e-03
>	4048
0	1.158547e-03
>	4049
>	4050
0	2.532146e+02
>	4051
>	4052
>	4053
0	4.287022e+03
>	4054
>	4055
>	4056
>	4057
0	1.586387e+04
>	4058
0	2.630109e+04
>	4059
0	9.243232e+03
>	4060
0	5.855896e+03
>	4061
0	2.558601e-01
>	4062
>	4063
>	4064
>	4065
0	1.109463e+01
>	4066
0	3.894114e+00
>	4067
0	1.327274e+02
>	4068
>	4069
>	4070
0	4.627621e+03
>	4071
>	4072
>	4073
>	4074
0	1.034349e+03
>	4075
0	1.992775e+02
>	4076
0	2.054376e+01
>	4077
0	4.508070e-01
>	4078
>	4079
>	4080
>	4081
0	4.296502e+02
>	4082
0	6.000879e+01
>	4083
0	8.689929e+04
>	4084
>	4085
0	2.640263e+02
>	4086
0	3.871694e+02
>	4087
0	1.027802e+01
>	4088
0	3.335386e+02
>	4089
0	3.072363e+03
>	4090
0	9.439416e+03
>	4091
0	1.742897e+03
>	4092
0	1.207967e+03
>	4093
0	4.824900e+03
>	4094
0	3.975345e+03
>	4095
>	4096
>	4097
0	4.207164e+01
>	4098
0	4.233363e+04
>	4099
0	5.775913e+04
>	4100
0	6.998315e+04
>	4101
0	2.373170e-01
>	4102
0	1.911583e+04
>	4103
>	4104
>	4105
0	6.370789e+03
>	4106
0	2.461315e+03
>	4107
>	4108
0	1.613464e-02
>	4109
>	4110
0	2.423211e+01
>	4111
0	3.278227e+01
>	4112
0	6.139982e+00
>	4113
0	4.312652e+01
>	4114
0	4.158111e+00
>	4115
0	1.631452e+03
>	4116
0	2.684848e+03
>	4117
0	1.139419e+04
>	4118
>	4119
0	1.692582e+04
>	4120
0	9.137051e+03
>	4121
0	5.828685e-02
>	4122
0	1.251177e-02
>	4123
0	6.599098e-02
>	4124
0	7.108775e-03
>	4125
0	5.158716e-02
>	4126
0	1.065253e-03
>	4127
>	4128
0	3.750072e+01
>	4129
>	4130
>	4131
0	3.880535e+03
>	4132
>	4133
>	4134
>	4135
>	4136
>	4137
>	4138
>	4139
>	4140
0	5.512166e+03
>	4141
>	4142
>	4143
0	3.630063e+01
>	4144
>	4145
>	4146
>	4147
0	1.314884e+04
>	4148
>	4149
>	4150
>	4151
0	2.023902e+03
>	4152
0	6.060613e+01
>	4153
>	4154
0	3.684980e+02
>	4155
0	5.328571e+03
>	4156
>	4157
>	4158
>	4159
0	1.486301e+04
>	4160
0	3.496050e+03
>	4161
0	1.479653e+04
>	4162
0	1.389649e-02
>	4163
0	6.379405e+03
>	4164
>	4165
>	4166
>	4167
0	1.132940e+01
>	4168
0	3.406756e+00
>	4169
0	2.498564e+00
>	4170
0	2.433970e+04
>	4171
0	4.408146e+04
>	4172
0	1.359305e+04
>	4173
0	2.890485e+03
>	4174
0	6.536037e+03
>	4175
0	2.535733e+03
>	4176
0	7.470060e+03
>	4177
0	3.450196e-02
>	4178
>	4179
>	4180
0	2.437303e+01
>	4181
>	4182
>	4183
>	4184
0	9.889021e-01
>	4185
0	2.828512e+03
>	4186
0	5.699770e+03
>	4187
0	1.399378e-01
>	4188
0	5.446989e+03
>	4189
0	1.724107e+02
>	4190
0	6.684366e+03
>	4191
0	1.164239e+04
>	4192
>	4193
>	4194
0	6.556834e+03
>	4195
0	5.306776e+03
>	4196
0	3.598451e+03
>	4197
0	1.039603e-01
>	4198
0	1.690080e-02
>	4199
0	2.943197e+01
>	4200
0	2.516091e+02
>	4201
0	2.635896e+01
>	4202
0	4.073316e+00
>	4203
0	4.657109e+03
>	4204
>	4205
>	4206
>	4207
0	1.348631e+04
>	4208
0	3.721387e+03
>	4209
>	4210
>	4211
>	4212
>	4213
0	6.424280e+01
>	4214
0	2.726402e+01
>	4215
0	2.556861e+03
>	4216
>	4217
>	4218
>	4219
0	5.756945e+03
>	4220
>	4221
>	4222
>	4223
0	4.679428e+02
>	4224
>	4225
0	2.164504e+01
>	4226
>	4227
>	4228
0	9.649318e+01
>	4229
>	4230
0	1.048574e+02
>	4231
0	7.447630e+00
>	4232
0	3.789068e+02
>	4233
>	4234
0	5.565049e+04
>	4235
>	4236
>	4237
>	4238
>	4239
>	4240
0	3.207703e+03
>	4241
0	8.600660e+03
>	4242
0	3.713063e+03
>	4243
0	4.206355e+03
>	4244
0	4.457899e-03
>	4245
>	4246
>	4247
>	4248
0	1.319110e+04
>	4249
0	9.567212e-01
>	4250
0	5.751412e+04
>	4251
0	5.472004e+04
>	4252
0	5.260081e+04
>	4253
0	2.214706e+02
>	4254
0	1.545475e+04
>	4255
0	1.075847e+01
>	4256
0	1.630338e+00
>	4257
0	9.561044e+03
>	4258
0	1.479900e+03
>	4259
0	2.289730e-02
>	4260
0	2.568619e-03
>	4261
0	1.897132e+01
>	4262
0	2.827163e+00
>	4263
0	3.150502e-01
>	4264
0	3.221709e+01
>	4265
0	8.310206e+00
>	4266
0	3.024497e+03
>	4267
0	5.958855e+00
>	4268
0	1.672693e+03
>	4269
0	1.770761e+03
>	4270
>	4271
>	4272
>	4273
>	4274
>	4275
>	4276
>	4277
>	4278
>	4279
0	1.375245e+01
>	4280
0	2.970131e+03
>	4281
0	3.487146e+03
>	4282
>	4283
>	4284
>	4285
>	4286
>	4287
0	4.101650e+03
>	4288
>	4289
>	4290
0	7.932653e+01
>	4291
>	4292
0	1.254731e+02
>	4293
0	1.690026e+04
>	4294
>	4295
0	1.237143e+00
>	4296
0	1.046509e+00
>	4297
0	2.250525e+03
>	4298
0	7.412373e+01
>	4299
>	4300
0	3.955167e+02
>	4301
0	3.328028e+03
>	4302
>	4303
0	3.025872e+04
>	4304
0	3.628729e+03
>	4305
0	1.310585e+04
>	4306
0	5.443755e+00
>	4307
0	4.680481e+03
>	4308
0	8.599901e-02
>	4309
0	3.078586e-03
>	4310
0	3.698360e+01
>	4311
0	1.607286e+03
>	4312
0	4.909098e+03
>	4313
0	2.338109e+03
>	4314
0	7.098948e+03
>	4315
0	1.248210e+03
>	4316
0	6.206301e+03
>	4317
>	4318
>	4319
0	3.905327e+00
>	4320
>	4321
>	4322
0	2.760727e+03
>	4323
>	4324
0	6.328522e+03
>	4325
0	3.864207e+03
>	4326
0	1.453919e+02
>	4327
0	2.243826e+03
>	4328
0	2.821379e+03
>	4329
0	3.910051e+03
>	4330
>	4331
>	4332
0	5.358025e+04
>	4333
0	2.011754e+04
>	4334
0	5.475071e+03
>	4335
0	3.815316e+03
>	4336
0	7.862768e-02
>	4337
>	4338
0	5.551459e-01
>	4339
0	1.065309e+02
>	4340
>	4341
>	4342
0	2.949482e+03
>	4343
0	1.649595e-04
>	4344
>	4345
>	4346
0	1.708700e+04
>	4347
0	1.927848e+04
>	4348
0	1.051599e+04
>	4349
0	8.159540e+03
>	4350
>	4351
>	4352
>	4353
>	4354
0	3.128981e+01
>	4355
0	1.037223e+01
>	4356
0	2.923742e+01
>	4357
0	1.621669e+00
>	4358
0	8.160135e-02
>	4359
0	2.306501e-02
>	4360
0	3.499091e+03
>	4361
>	4362
>	4363
>	4364
0	5.442841e+03
>	4365
0	2.958332e+02
>	4366
0	9.642202e-01
>	4367
0	1.735347e-01
>	4368
0	2.599197e-02
>	4369
0	2.115609e+02
>	4370
>	4371
0	2.620024e+02
>	4372
>	4373
>	4374
0	2.359639e+02
>	4375
0	5.977561e+01
>	4376
>	4377
>	4378
>	4379
0	2.803145e+03
>	4380
0	6.893651e-01
>	4381
>	4382
0	6.642620e+04
>	4383
0	5.880114e-03
>	4384
0	2.042060e-04
>	4385
0	2.446939e+02
>	4386
>	4387
>	4388
>	4389
>	4390
>	4391
>	4392
0	4.120409e+03
>	4393
0	8.937051e+03
>	4394
0	8.897196e+03
>	4395
0	3.178585e+03
>	4396
0	4.314667e-03
>	4397
0	7.202691e-04
>	4398
0	5.288298e-05
>	4399
0	2.188704e+01
>	4400
0	2.192788e+04
>	4401
>	4402
0	5.663229e+04
>	4403
0	8.437811e+04
>	4404
0	6.201176e+04
>	4405
>	4406
0	1.881716e+02
>	4407
0	1.897742e+04
>	4408
0	1.054741e+01
>	4409
>	4410
0	1.171077e+04
>	4411
0	6.068775e+02
>	4412
>	4413
>	4414
0	1.612250e+01
>	4415
0	4.658039e+00
>	4416
0	1.618949e+03
>	4417
>	4418
>	4419
>	4420
>	4421
0	4.178467e+03
>	4422
0	1.250270e+02
>	4423
0	1.328565e+00
>	4424
0	3.807907e+01
>	4425
0	2.431525e+03
>	4426
0	1.905527e-01
>	4427
0	3.252950e-01
>	4428
>	4429
>	4430
>	4431
0	4.802828e+03
>	4432
0	5.112043e+00
>	4433
0	2.549998e+03
>	4434
0	1.586941e+03
>	4435
0	1.780772e-01
>	4436
0	1.793032e-02
>	4437
0	2.189761e-02
>	4438
>	4439
0	1.356997e+00
>	4440
0	6.686273e+03
>	4441
0	6.395287e+01
>	4442
>	4443
0	7.415213e-01
>	4444
>	4445
>	4446
0	1.271260e+04
>	4447
>	4448
>	4449
0	7.101094e+01
>	4450
0	6.362225e+03
>	4451
>	4452
0	1.306823e+04
>	4453
0	2.206030e+00
>	4454
0	1.055681e+04
>	4455
0	6.482453e+01
>	4456
0	1.948981e+03
>	4457
>	4458
>	4459
0	1.499119e-02
>	4460
>	4461
0	3.978058e-01
>	4462
0	6.929889e+01
>	4463
0	1.036985e+03
>	4464
0	1.512775e+01
>	4465
0	8.806988e+03
>	4466
0	2.127116e+03
>	4467
0	9.714294e+03
>	4468
0	3.162332e+03
>	4469
0	3.529881e+03
>	4470
0	2.435614e-02
>	4471
0	3.192282e-03
>	4472
0	1.482445e+01
>	4473
0	3.017528e+00
>	4474
0	9.235593e-02
>	4475
0	6.052954e+03
>	4476
0	7.380502e-01
>	4477
0	4.619835e+03
>	4478
0	1.108106e+04
>	4479
0	5.182199e+03
>	4480
0	4.066180e+03
>	4481
>	4482
>	4483
0	5.646893e+04
>	4484
0	2.310763e+04
>	4485
0	7.692820e+03
>	4486
0	2.174794e+03
>	4487
0	9.034358e-02
>	4488
0	1.292718e-02
>	4489
0	3.142693e+02
>	4490
0	2.125750e+00
>	4491
0	2.050850e+02
>	4492
>	4493
>	4494
0	3.692225e+03
>	4495
>	4496
>	4497
>	4498
0	2.401297e+04
>	4499
0	2.369666e+04
>	4500
0	1.139660e+04
>	4501
0	7.709484e+03
>	4502
0	2.099332e-01
>	4503
>	4504
>	4505
0	1.203115e+01
>	4506
>	4507
>	4508
>	4509
0	2.116950e+03
>	4510
>	4511
>	4512
>	4513
0	3.189247e+03
>	4514
0	7.132847e+03
>	4515
0	4.835027e+00
>	4516
0	8.854276e-02
>	4517
>	4518
0	7.189892e+00
>	4519
0	1.673486e+02
>	4520
>	4521
>	4522
0	3.133606e+01
>	4523
0	3.331307e-01
>	4524
>	4525
0	1.745836e+04
>	4526
0	9.082542e+01
>	4527
0	3.067654e+02
>	4528
0	8.356020e+01
>	4529
0	1.683947e+01
>	4530
0	5.723332e+04
>	4531
>	4532
>	4533
>	4534
0	1.388097e+03
>	4535
0	8.468985e+03
>	4536
0	5.136425e+03
>	4537
0	2.001113e-03
>	4538
0	1.523837e+04
>	4539
0	3.748830e+00
>	4540
0	4.292228e-01
>	4541
>	4542
0	3.933600e+04
>	4543
0	8.596351e+04
>	4544
0	4.894890e+04
>	4545
0	2.280082e+02
>	4546
0	1.967391e+02
>	4547
0	2.492113e+04
>	4548
0	1.091153e+01
>	4549
0	3.430884e+00
>	4550
0	4.222648e+03
>	4551
0	7.738439e+03
>	4552
0	1.396177e-02
>	4553
0	1.553761e-03
>	4554
>	4555
>	4556
0	5.529470e+00
>	4557
0	4.519178e+01
>	4558
0	9.433904e+00
>	4559
0	1.164621e+00
>	4560
0	1.736536e-01
>	4561
0	1.209685e+03
>	4562
0	3.892516e+03
>	4563
>	4564
>	4565
>	4566
>	4567
>	4568
0	6.573874e-01
>	4569
0	7.588247e-02
>	4570
0	3.537535e+03
>	4571
0	1.095762e+01
>	4572
>	4573
0	1.271342e+03
>	4574
>	4575
>	4576
>	4577
>	4578
>	4579
0	3.914178e+03
>	4580
>	4581
>	4582
>	4583
>	4584
>	4585
0	1.450899e+04
>	4586
>	4587
>	4588
>	4589
0	2.150209e+04
>	4590
0	1.844023e+00
>	4591
0	1.305677e+04
>	4592
0	6.179715e+01
>	4593
0	1.827482e+03
>	4594
>	4595
>	4596
0	7.911949e-02
>	4597
>	4598
0	8.713121e+02
>	4599
>	4600
0	3.129718e+03
>	4601
0	1.625281e+03
>	4602
0	1.456718e+03
>	4603
0	6.288626e+03
>	4604
0	2.037998e+03
>	4605
0	6.072932e+03
>	4606
0	1.969300e-02
>	4607
>	4608
0	2.322920e+01
>	4609
0	1.699360e+01
>	4610
0	4.504817e+01
>	4611
0	3.095230e+00
>	4612
0	3.243112e+03
>	4613
>	4614
0	3.555172e+03
>	4615
0	2.069430e+04
>	4616
0	2.548970e+03
>	4617
0	4.854343e+03
>	4618
0	4.215273e-03
>	4619
>	4620
0	9.481852e+03
>	4621
0	7.622534e+03
>	4622
0	2.532835e-01
>	4623
0	2.758549e-02
>	4624
0	4.261318e+02
>	4625
0	9.284850e-01
>	4626
0	6.387248e+01
>	4627
0	1.316213e+01
>	4628
0	2.033977e+00
>	4629
0	2.537446e+03
>	4630
>	4631
>	4632
>	4633
0	1.240368e+04
>	4634
0	1.929798e+04
>	4635
0	6.208044e+03
>	4636
0	1.150135e+04
>	4637
0	1.703601e-01
>	4638
0	2.689443e-02
>	4639
0	3.462898e-03
>	4640
>	4641
>	4642
0	1.666466e+00
>	4643
0	3.844174e+03
>	4644
>	4645
>	4646
>	4647
0	1.359497e+04
>	4648
0	1.184286e+04
>	4649
0	7.860190e+03
>	4650
0	3.911336e+03
>	4651
0	8.227423e-05
>	4652
>	4653
>	4654
0	3.669641e+00
>	4655
0	6.791130e-01
>	4656
0	1.023358e-01
>	4657
0	2.852089e+02
>	4658
>	4659
0	1.087623e+02
>	4660
>	4661
0	1.161007e+04
>	4662
0	3.884945e+01
>	4663
0	1.523315e+01
>	4664
0	3.440970e+00
>	4665
0	1.712483e+00
>	4666
>	4667
>	4668
>	4669
>	4670
>	4671
0	3.480881e+03
>	4672
0	8.549511e+03
>	4673
0	3.755837e+03
>	4674
0	1.426941e+03
>	4675
0	1.853609e+04
>	4676
>	4677
>	4678
0	3.003004e+04
>	4679
0	8.286541e+04
>	4680
0	6.016138e+04
>	4681
0	2.475755e+02
>	4682
0	2.105478e+02
>	4683
0	1.939828e+04
>	4684
0	1.181882e+01
>	4685
0	3.724502e+00
>	4686
0	8.599756e+03
>	4687
0	2.498048e+03
>	4688
>	4689
>	4690
>	4691
0	2.343837e+03
>	4692
0	1.044938e+01
>	4693
0	2.655096e+01
>	4694
0	9.533810e+00
>	4695
0	1.557639e+00
>	4696
0	1.738562e-01
>	4697
0	1.091262e+03
>	4698
0	1.781621e+03
>	4699
>	4700
>	4701
>	4702
>	4703
>	4704
0	1.870126e+00
>	4705
0	2.138110e-01
>	4706
0	4.606075e+03
>	4707
0	2.355343e+01
>	4708
>	4709
0	2.594222e+03
>	4710
>	4711
>	4712
>	4713
>	4714
>	4715
0	6.368701e+03
>	4716
>	4717
>	4718
0	2.249983e+02
>	4719
>	4720
0	1.427936e+03
>	4721
0	2.359988e+04
>	4722
>	4723
>	4724
0	1.187235e+04
>	4725
0	2.963441e+03
>	4726
0	1.003753e+04
>	4727
>	4728
0	4.248910e+03
>	4729
>	4730
>	4731
0	5.588337e+02
>	4732
>	4733
0	3.021089e+03
>	4734
0	2.762921e+03
>	4735
0	2.486370e+03
>	4736
0	9.297711e+03
>	4737
0	1.615404e+03
>	4738
0	3.769391e+03
>	4739
0	2.844532e-02
>	4740
>	4741
>	4742
0	8.323852e+02
>	4743
0	1.200128e+01
>	4744
0	1.571207e+03
>	4745
>	4746
0	3.768854e+03
>	4747
0	7.764967e+03
>	4748
0	3.886259e+03
>	4749
0	1.826976e+03
>	4750
>	4751
>	4752
0	2.012712e+03
>	4753
0	1.444621e+04
>	4754
>	4755
>	4756
0	1.224648e+01
>	4757
0	4.128262e+02
>	4758
>	4759
>	4760
0	9.726192e+02
>	4761
>	4762
>	4763
>	4764
0	2.200275e+04
>	4765
0	2.289133e+04
>	4766
0	1.135763e+04
>	4767
0	5.896617e+03
>	4768
>	4769
>	4770
>	4771
0	1.465236e+01
>	4772
0	6.263853e+00
>	4773
0	6.707707e+03
>	4774
0	3.391498e-01
>	4775
0	5.808570e-02
>	4776
0	8.110241e-03
>	4777
0	3.450577e+01
>	4778
0	4.422156e+03
>	4779
0	1.366857e+00
>	4780
0	2.032481e-01
>	4781
>	4782
>	4783
>	4784
>	4785
0	2.005624e-01
>	4786
>	4787
>	4788
>	4789
>	4790
>	4791
>	4792
>	4793
0	4.435479e+02
>	4794
0	8.635560e+01
>	4795
0	2.722542e+01
