start m/z	end m/z	charge	start file	end file	indices	peak scans	peak intensities	decoy peak scans	decoy peak intensities
404.0992	404.1934	1	0	3	39,44,44,46	1	21442.620649350636:1		
430.8365	430.9382	1	0	3	50,58,60,63	1	51682.65038961037:1		
431.8514	431.9293	1	0	3	53,61,63,66			1	18691.94246753246:1
681.1513	681.2954	1	0	3	121,135,135,143	1	7358.222541125537:1	2	6185.33467965369:2
698.1867	698.2562	1	0	3	126,140,140,148	1	11097.069207792203:1		
832.1472	832.1672	1	0	3	137,152,151,159	2	46266.92463203471:2		
440.6768	440.7664	2	0	3	56,64,68,71	2	9756.784103896118:2		
837.0012	837.0212	2	0	3	141,158,156,165				
431.8514	431.9293	4	0	3	52,60,62,65				
361.988	362.0672	1	0	4	7,7,7,7,7	4	10266.776168831046:4		
379.0456	379.1211	1	1	4	22,23,24,21	2	7249.447086580084:2	2	3334.6111038961035:2
380.0858	380.1615	1	1	4	23,24,25,22	3	2745.652419913423:3	2	8703.718670995666:2
551.1608	551.2712	1	1	4	113,114,117,113	3	4209.52796536797:3		
624.1674	624.3047	1	0	4	112,125,127,133,130	1	13600.081168831237:1	1	64.12630303030392:1
625.1733	625.3025	1	1	4	126,128,134,131				
670.0921	670.2518	1	0	4	120,134,134,142,139	0	5353.819454545472:0		
761.1301	761.1501	1	0	4	134,148,147,155,150				
468.3924	468.4886	2	0	4	77,87,94,93,91	4	5008.857383116898:4		
888.0141	888.0341	2	1	4	164,169,174,169				
383.8212	383.9017	3	0	4	24,27,28,29,26	2	12234.894229437237:2		
468.6429	468.7446	4	0	4	79,89,96,95,93	3	4417.382415584437:3		
468.8936	468.9899	4	0	4	80,90,97,96,95				
383.0391	383.1759	1	0	5	23,26,27,28,25,24	5	5756.572400432961:5	5	2295.9885030303126:5
384.1565	384.2331	1	0	5	25,28,29,30,28,25			5	645.2845287619089:5
468.3924	468.4886	1	0	5	78,88,95,94,92,90	5	6047.552585497826:5		
505.038	505.2041	1	0	5	85,95,101,101,100,96	1	9199.391651515185:1	3	7835.418928571435:3
540.0964	540.2243	1	0	5	100,111,112,115,111,113	2	3616.9588008658034:2		
388.1491	388.2307	1	0	6	26,30,31,34,33,30,23	1	13983.157161255467:1	0	17174.29:0
394.0456	394.1202	1	2	6	38,41,40,37,30			2	5252.665876623396:2
395.085	395.164	1	0	6	35,39,39,42,41,38,31				
408.0091	408.091	1	0	6	40,45,45,47,46,43,36	6	6807.140162337653:6	6	588.9398807792236:6
414.9915	415.0796	1	1	6	48,48,50,49,46,39	5	14575.824761904769:5		
455.1392	455.2426	1	0	6	64,74,80,81,79,77,66	5	28534.57995671001:5		
868.4525	868.4725	1	3	6	167,160,158,142	6	3156.2716450216353:6		
836.7542	836.7742	2	1	6	155,154,162,156,153,135	5	19859.437142856987:5		
887.5028	887.5228	2	2	6	163,170,163,161,146	6	44324.19909090842:6		
887.659	887.679	3	2	6	162,169,162,160,145	5	31087.062207792183:5	6	34098.1635497834:6
468.3924	468.4886	4	0	6	76,86,93,92,90,89,79	6	10298.457629870109:6		
836.7542	836.7742	4	0	6	139,154,152,161,154,152,133				
868.4525	868.4725	4	3	6	166,159,157,140	5	174489.22857142883:5	5	174489.22857142883:5
887.5028	887.5228	4	2	6	161,168,161,159,144	3	34599.08426406935:3	6	19697.477056277272:6
372.275	372.3606	1	0	7	16,17,18,19,16,17,15,16	6	12030.320006493475:6		
523.0754	523.1917	1	1	7	106,106,109,106,108,92,86	2	3818.6664350649644:2		
687.1175	687.2826	1	0	7	125,139,139,147,143,140,121,115	3	5242.640926406935:3		
642.88	643.0138	3	4	7	133,131,113,107	6	7835.408333333342:6		
836.9882	837.0082	3	4	7	158,154,136,130	5	62615.68177489176:5		
373.0475	373.1449	4	0	7	17,18,19,20,17,18,16,17	6	1831.269712121212:6		
642.88	643.0138	4	0	7	113,127,129,135,132,130,112,106	3	7732.663651515165:3		
393.0398	393.1225	1	0	8	32,36,35,38,37,34,27,30,34	5,3	34908.328051948105:5,34492.356536796535:3	5	18514.42662770561:5
421.2805	421.3748	2	2	8	52,55,54,50,42,40,48	8	15763.175833333296:8		
421.7917	421.8722	2	2	8	54,57,56,52,44,42,50				
394.0456	394.1202	4	0	8	34,38,37,40,39,36,29,32,36	8,0	3437.9775367965362:8,278.1141:0		
888.1278	888.1478	1	7	10	141,146,153,154	7	546.5317424242434:7		
888.2557	888.2757	1	7	10	147,147,150,151				
359.9884	360.0635	1	0	11	5,5,5,5,5,6,5,5,5,5,5,5	4,11,0	6429.862666666669:4,4666.294424242449:11,3291.617:0	0,2,7	10295.03:0,8575.342088744583:2,609.7318417153383:7
360.988	361.0596	1	0	11	6,6,6,6,6,7,6,6,6,6,6,6	0,3,11	1873.49:0,1708.188452380954:3,1023.1736439393906:11		
468.3924	468.4886	4	8	11	87,83,82,82	10	10273.346883116901:10		
887.7442	887.7642	4	2	11	165,172,165,162,148,135,142,146,147,153	8,2	13073.402251082267:8,10350.29:2	10,2	36891.24777056261:10,31361.56:2
402.1393	402.2416	1	0	12	38,43,43,45,45,42,35,35,41,39,38,38,38	11,4,8	9457.085203463248:11,7828.949385281385:4,7774.0204112554175:8	5,1,12	4755.970948051947:5,718.3519:1,534.8887943723048:12
432.0346	432.18	1	0	12	54,62,64,67,64,63,54,48,59,55,58,60,59	7	1763.554538961039:7		
459.1221	459.216	1	0	12	65,75,82,83,81,79,67,60,76,74,73,73,70	12,4,1	8746.321238095248:12,8456.904320346326:4,8336.181517316052:1	6,2,10	8652.734761904761:6,3656.9684761904036:2,2793.62256493506:10
670.0921	670.2518	1	6	12	117,111,123,117,122,124,117	12	4747.00211904761:12		
887.5029	887.5229	2	8	12	141,144,145,151,141	10	23786.01398268401:10		
887.7584	887.7784	2	7	12	137,143,147,148,154,143	7	45025.18871212144:7		
468.0497	468.1513	3	0	12	74,84,91,90,88,87,77,71,85,81,80,80,79	12,0,10	5549.37904978353:12,4934.339:0,4067.9213419913312:10		
887.659	887.679	3	8	12	140,143,144,150,140	8	20053.46543290068:8	10	30894.05874458878:10
432.8312	432.9334	4	0	12	55,63,65,68,65,64,55,49,60,56,59,61,60	11,0,5	31384.344989177513:11,22544.42:0,5501.656484848491:5		
868.4663	868.4863	4	8	12	138,137,141,147,136	9	104726.53643723001:9	9	115922.49870129861:9
887.5029	887.5229	4	8	12	139,142,143,149,139	9	22832.10471861483:9	10	13580.750021645035:10
400.3012	400.3943	1	8	13	40,38,37,37,37,38	13	9114.672183982684:13		
607.1429	607.2754	1	1	13	120,122,125,122,123,105,100,114,106,107,109,105,102	7,10,2	12580.166233766242:7,12143.484653679663:10,10377.777629870146:2	4,13,10	26381.78489177491:4,20305.661082250954:13,18745.091688311695:10
440.6768	440.7664	2	6	13	58,52,66,62,61,63,61,59	10,13	10646.669956709966:10,9403.359121212196:13		
404.0818	404.1934	1	8	14	42,40,39,39,39,39,38	12	22883.60673160173:12		
408.0091	408.091	1	8	14	43,41,40,40,40,40,39	14	7745.286567099554:14	8	384.9617:8
409.0643	409.1509	1	0	14	41,46,46,48,47,44,37,36,44,42,41,41,41,41,40	2,11,4	16176.91004329006:2,15848.861536796536:11,15453.746926406959:4		
455.134	455.2374	1	8	14	75,73,72,72,69,67,66	9	26902.496861471896:9		
596.0756	596.2206	1	0	14	107,119,121,124,121,122,104,99,113,105,106,108,104,101,104	14,7,0	8991.414341991318:14,6583.121424242434:7,5326.417:0		
624.1675	624.3047	1	6	14	110,105,119,113,114,116,110,109,110	14,11	15036.86041125533:14,14751.15129870131:11	6,13	105.6703:6,100.62221867965421:13
421.2806	421.3748	2	10	14	45,47,48,48,46	14	14332.761688311666:14		
421.7917	421.8722	2	10	14	47,49,50,50,48				
389.1035	389.1853	1	11	15	27,25,26,25,33	11	7263.01601298699:11	15	1671.2714653679668:15
390.1069	390.1806	1	11	15	28,26,27,26,34			14	23376.494783549955:14
415.9965	416.0712	1	12	15	45,45,43,46	13	3497.4884415584415:13		
476.1453	476.2434	1	6	15	82,76,93,86,85,85,81,78,78,80	11,14	10655.216558441572:11,10523.93769264075:14	13,8	74.87307404761799:13,19.33080898268373:8
550.1548	550.2719	1	0	15	101,112,113,116,112,114,97,92,106,98,99,101,97,93,96,98	10,3,6,14	13306.146082251089:10,11413.784155844165:3,11007.420844155855:6,10595.84258008658:14	14,2,10,7	500.4640235930769:14,348.3302906926408:2,6.933638528138702:10,5.192857142857047:7
579.0484	579.1807	1	2	15	117,120,116,117,100,95,109,101,102,104,100,97,100,101	11,5,15	9659.988913419918:11,8167.883896103902:5,6807.977709956708:15		
698.1768	698.2562	1	8	15	127,121,127,129,121,119,121,122	14,8	17701.34345887464:14,11175.14:8		
414.9915	415.0796	1	11	16	43,43,43,42,45,49	11	12519.3255367966:11	14	529.019695238096:14
432.0394	432.1848	1	14	17	57,58,63,59				
468.0497	468.1513	1	0	17	75,85,92,91,89,88,78,72,86,82,81,81,80,76,75,78,83,81	9,14,2	2178.8937996753275:9,1989.0670909090732:14,1066.969:2		
523.0754	523.1918	1	14	17	90,92,97,94	15	2386.905372294371:15		
432.8361	432.9334	4	14	17	58,59,64,60	15	28447.273852813858:15		
393.0398	393.1184	1	10	18	31,32,30,31,30,38,36,33,32	10,14	29708.49:10,17440.434199134215:14	13,18	22765.843116883138:13,21950.532878787813:18
489.17	489.283	1	14	18	81,83,89,86,82	16	34822.57761904767:16		
540.0965	540.2243	1	10	18	98,100,96,92,95,97,102,99,94	15,18	4451.563748917752:15,2571.3482792207715:18		
670.0921	670.2519	1	14	18	117,117,117,119,113	14	7461.786134199153:14		
468.0498	468.1513	3	14	18	74,77,82,80,79				
394.0456	394.1202	4	10	18	33,34,32,33,32,40,38,35,34	17,14	3731.259635281346:17,227.85836580086743:14		
395.0893	395.1641	1	16	19	40,36,36,34				
400.3055	400.3943	1	16	19	43,39,39,37	19	3881.622095238096:19		
488.1955	488.285	1	13	19	79,79,81,87,84,80,83	14	5335.807536796537:14		
760.1277	760.1477	1	0	19	133,147,146,154,149,146,127,122,134,127,134,136,128,125,127,128,128,131,123,127	1,19,16,7,4	57894.464956710275:1,42196.51911255407:19,39563.019177489245:16,39397.78190476193:7,36799.64549783552:4		
489.0015	489.1028	4	13	19	80,80,82,88,85,81,84	13	10286.77:13		
430.8318	430.9382	1	8	20	55,51,54,56,55,55,53,54,59,54,53,54,55	8,20,13	49842.76:8,47433.26512987:20,44590.53324675328:13		
431.8466	431.9293	1	8	20	58,54,57,59,58,58,56,57,62,58,57,58,58	13,19	1365.877735930735:13,942.6859818182129:19	15,11	21169.269826839845:15,16958.484545454554:11
624.1675	624.3047	1	17	20	111,107,112,108	18	13925.986056277052:18		
832.1472	832.1672	1	9	20	130,137,140,133,130,130,131,131,135,128,132,126	20,17,13	54345.4105194806:20,44188.147705627736:17,32543.404372294386:13	18,14	20000.269155844177:18,1247.799:14
833.1406	833.1606	1	9	20	131,138,141,134,131,131,132,132,136,129,133,127	9,20,16	28448.47:9,26384.076385281573:20,25878.712510822534:16	12,9,15	31640.64696969701:12,16106.47:9,1214.6148376623155:15
431.8466	431.9293	4	8	20	57,53,56,58,57,57,55,56,61,57,56,57,57				
368.0536	368.1229	1	5	21	9,7,8,10,11,9,8,7,8,7,9,9,7,8,9,9,9	12,5,20,17	6146.23368181818:12,5953.961:5,4730.111727489204:20,3999.322480519479:17	21,9,16,6	33108.124231601716:21,27329.34400000002:9,24056.542099567123:16,5114.272:6
409.0643	409.151	1	16	21	46,41,41,40,41,44	21	17767.065056277082:21		
533.1356	533.2415	1	19	22	92,88,87,90	20	8719.139636363632:20		
421.2806	421.3749	2	19	22	45,45,49,48	21	11307.536852813868:21		
421.7917	421.8676	2	19	22	47,47,51,50				
361.9881	362.0673	1	20	23	8,7,7,7	21	9853.292173160176:21		
506.0387	506.1382	1	20	23	83,81,84,89	21	1969.3817251082246:21		
608.1482	608.2647	1	19	23	106,102,100,105,109	21	2891.51544761905:21	23	28913.37867965386:23
609.1478	609.2647	1	18	23	102,107,103,101,106,110	18	3014.6020562770714:18	19	14022.603019480508:19
467.7943	467.8795	3	15	23	76,81,79,78,80,76,76,77,81	23,16	6047.517997835507:23,5776.732616883133:16		
467.7943	467.8795	4	15	23	75,80,78,77,79,75,75,76,80	15,23	1280.843:15,915.010292424242:23		
375.0479	375.1381	1	0	24	20,21,22,23,20,21,19,20,21,21,19,18,17,18,17,22,21,19,20,21,21,21,20,22,20	0,23,10,8,12,4	6166.362:0,6150.477707792227:23,5213.481316017321:10,5202.893580086578:8,4753.409826839832:12,4547.992619047625:4		
383.0431	383.1759	1	7	24	23,24,24,23,22,20,21,20,27,25,22,23,24,24,24,23,25,23	13,11,23,20	8087.6957748917885:13,7664.3285367965345:11,6479.236839826907:23,6194.106489177492:20	18,23,13,7	3177.023354978355:18,3157.5191580086193:23,2619.2783766233774:13,2347.0:7
404.0774	404.1934	1	20	24	39,43,43,47,45	21	21787.54534632041:21		
540.0965	540.2243	1	21	24	92,95,99,102	22	5409.902515151513:22		
607.143	607.2754	1	19	24	105,101,99,104,108,110	23	12405.502738095256:23	19	20768.910259740223:19
834.1356	834.1556	1	21	24	128,142,137,140	23	21513.985151515182:23		
372.2751	372.3606	1	15	25	17,17,15,16,17,17,17,16,18,16,17	22,17	11071.025692640698:22,8086.6372673160295:17		
550.1549	550.272	1	22	25	96,100,103,100	24	10906.200779220797:24		
373.0089	373.145	4	15	25	18,18,16,17,18,18,18,17,19,17,18	25,20	1830.2485616883807:25,1564.6620887445883:20		
359.9885	360.0635	1	13	26	6,5,5,5,5,5,5,5,5,5,5,5,5,6	25,22,13	4323.002257575785:25,4162.816528138531:22,3356.882:13	22,26,19	8097.038419913426:22,2522.487998917723:26,230.87900259740636:19
360.9881	361.0559	1	13	26	7,6,6,6,6,6,7,7,6,6,6,6,6,7	22,13,16	1254.9853969696971:22,983.578:13,641.4957428571431:16	17,14	0.2870707568181814:17,0.13191909707792468:14
523.0754	523.1918	1	21	26	86,89,94,96,94,89	21	4226.3711623376785:21		
681.1514	681.2955	1	22	26	120,120,122,115,112	25	9130.236515151562:25	22	3139.8561601731562:22
367.0964	367.1655	1	23	27	9,7,8,9,7	25	3851.588393939397:25		
402.1394	402.2157	1	18	27	40,38,38,42,42,46,44,45,44,38	26,22	7873.019326839811:26,7647.108398268403:22	26,18	5723.936722943731:26,3471.658:18
454.1867	454.269	1	24	27	76,75,71,63	25	5319.333883116881:25		
687.1175	687.273	1	21	27	115,126,124,126,119,116,110	25	3572.6971764069335:25		
698.1768	698.2067	1	24	27	127,120,117,111	25	12095.39621212122:25		
743.1026	743.1226	1	0	27	129,143,143,151,146,143,124,118,130,124,130,132,124,122,124,125,125,128,120,124,121,120,131,127,130,123,121,116	26,4,12,1,17,8,21	74461.40896103898:26,69168.08341991346:4,68041.7975757576:12,65974.63290043324:1,58253.4653246754:17,55112.97844155853:8,51101.890909090966:21		
744.1152	744.1352	1	23	27	128,131,124,122,117	23	7856.41509740262:23		
760.139	760.159	1	21	27	123,134,131,134,127,125,120	27	55745.530411255204:27		
816.1175	816.1375	1	0	27	136,150,149,157,152,148,130,125,136,129,136,139,131,128,129,130,130,133,125,129,125,126,136,133,137,130,128,122	8,27,16,20,12,5,23	39130.521212121224:8,38622.52712121207:27,32673.71367965371:16,30267.187705627715:20,24344.29519480523:12,21378.47151515152:5,19156.36411255412:23		
394.0456	394.1244	1	25	28	41,39,33,36	27	1483.4964597402613:27		
395.0892	395.1641	1	21	28	39,38,42,39,42,40,34,37	24	2535.7971012987405:24		
414.9915	415.0796	1	21	28	46,45,50,49,50,49,41,44	21,28	14659.99:21,11913.520779220791:28		
455.1392	455.2374	1	23	28	72,77,76,72,64,71	23	24743.340735930884:23		
440.6769	440.7664	2	21	28	60,61,64,68,67,63,55,63	24,21	10018.819264069269:24,9575.536:21		
393.0398	393.1225	1	20	29	33,35,34,38,36,38,36,30,33,33	20,27	25375.13:20,23799.616482683978:27	22,26	22238.662673160194:22,20275.50775757575:26
832.1344	832.1544	1	22	29	140,135,138,131,129,123,126,134	26,22	51637.662900432915:26,42372.35:22	25,22	5667.182238095244:25,2767.535:22
642.88	643.0139	3	26	29	108,102,112,114	27	8723.53238095238:27		
394.0456	394.1203	4	20	29	35,37,36,40,38,40,38,32,35,35	24,28	2854.3418926406935:24,577.9813214286077:28		
476.1509	476.2434	1	24	30	86,85,81,73,80,80,84	27	11570.647619047622:27	24	22.65793690476187:24
375.0518	375.1381	1	26	31	20,18,19,19,21,19	31	5669.1134264069615:31		
389.0788	389.1853	1	28	31	28,28,30,28	29	5104.456484848483:29	31	4084.637412337668:31
390.1068	390.1806	1	28	31	29,29,31,29			29	23902.712077922068:29
430.8366	430.9382	1	28	31	55,52,53,54	29	48145.73969696967:29		
431.8466	431.9293	1	28	31	58,55,56,57			30	13891.931601731627:30
540.0965	540.2243	1	27	31	86,94,97,101,101	28	4074.0738030303223:28		
607.1429	607.2754	1	26	31	101,95,103,105,109,109	27	12771.006006493522:27	26	16546.85902597404:26
624.1675	624.3047	1	22	31	111,115,115,111,106,100,109,111,115,114	23,31	12851.104004329025:23,12014.8852922078:31	22,31	36.73448:22,27.30558521645029:31
625.1734	625.3025	1	28	31	110,112,116,115	29	4435.897891774893:29		
431.8466	431.9293	4	28	31	57,54,55,56				
404.1036	404.1934	1	29	32	39,41,42,37	30	23043.47515151515:30		
550.1549	550.2788	1	27	32	87,95,98,102,102,86	31	11759.216136363662:31		
698.1768	698.2265	1	29	32	123,127,126,106	31	17393.449826839846:31		
421.2806	421.3749	2	27	32	45,48,45,46,47,45	27	13097.296742424338:27		
421.7871	421.8722	2	27	32	47,50,47,48,49,47				
359.9921	360.0672	1	28	33	5,5,5,5,5,5	29	3957.7701839826877:29		
360.9881	361.0596	1	28	33	6,6,6,6,6,6	29	393.766789610391:29		
409.0643	409.1554	1	23	33	48,47,47,46,39,42,41,42,43,38,49	33,31	22997.959621211674:33,21426.45074675307:31		
459.1221	459.216	1	14	33	67,68,73,71,70,72,68,68,69,73,78,77,73,65,72,72,73,75,65,76	14,27,30,33,20	11454.04:14,9688.703030303037:27,8880.069748917755:30,8672.478493506454:33,8482.082199134204:20	33,28,23,15,18	3937.4846136666965:33,3544.1544240606086:28,3347.3374415584462:23,2150.915096969695:15,1746.5207601731622:18
506.0387	506.1383	1	30	33	89,90,77,89				
651.0703	651.2152	1	30	33	117,116,97,110	32	10854.028870129885:32		
687.1175	687.2731	1	29	33	122,126,125,105,118	29	7053.780413420026:29		
760.139	760.159	1	29	33	131,134,133,112,126	29	43323.28811688328:29		
368.0499	368.123	1	23	34	10,8,9,10,8,9,9,9,7,7,7,5	34,25	7656.498850649381:34,5238.846554112621:25	27,32	23328.132835497843:27,17048.973430735885:32
393.0398	393.1226	1	31	34	33,30,40,37	33	17012.63430735933:33	33	14440.915194805211:33
394.0457	394.1244	4	31	34	35,32,42,39				
372.2751	372.3606	1	30	35	17,15,15,15,13,14	30	11084.816417749:30		
432.8264	432.9335	1	31	35	60,55,67,67,59	32	37345.40768398297:32		
433.8435	433.9266	1	31	35	61,56,68,68,60			33	5073.159757575768:33
373.0476	373.145	4	30	35	18,16,16,16,14,15	31	569.5714740259789:31		
400.3055	400.3943	1	30	37	39,40,35,47,44,36,34,42	36,33	11516.528365800883:36,4205.917536796542:33		
413.2179	413.3101	1	0	37	42,47,47,49,48,45,38,37,45,43,42,42,42,42,41,44,48,43,42,41,42,45,44,49,48,49,48,40,43,42,43,44,39,50,47,41,39,47	0,13,9,3,24,36,20,27,5	30399.38:0,28185.92294372297:13,27704.30454545456:9,27180.402554112574:3,26933.363203463225:24,26857.99142857145:36,26501.004242424264:20,26485.775800865824:27,26434.277099567124:5	29,4,34,12,37,26,16	4337.771121212121:29,4246.422188311684:4,4167.129952380959:34,3022.5607229437264:12,2509.865499999917:37,115.27811688311978:26,89.72110389610224:16
424.0331	424.1281	1	33	37	57,55,48,46,54	36	16308.855909091004:36	37	829.1843030303098:37
432.0346	432.1318	1	19	37	59,59,58,59,62,61,59,58,53,59,56,57,58,53,65,65,57,58,66	25,32	14647.63:25,5350.53704112554:32		
476.1453	476.2434	1	33	37	84,85,79,77,87	34	13027.12529220781:34	33	13.58134108225107:33
421.2806	421.3749	2	34	37	52,45,43,51	35	11003.119285714276:35		
421.7917	421.8722	2	34	37	54,47,45,53				
440.6769	440.7664	2	34	37	69,61,60,70	36	9418.88266666668:36		
432.8264	432.9334	4	19	37	60,60,59,60,63,62,60,59,54,60,57,58,59,54,66,66,58,59,67	22,19,36,27	27565.95935064938:22,22904.37:19,20821.471310606204:36,16898.624242424234:27		
402.1393	402.2416	1	29	38	38,40,41,36,48,45,37,35,43,44	38,34	7638.7996363636385:38,7539.99566666667:34	33,37	3706.5427967532705:33,2222.1585396104:37
408.0135	408.0911	1	35	38	39,37,45,46	36	5331.828121212117:36	36	460.8169432900435:36
579.0409	579.1882	1	33	38	100,100,95,95,107,100	38	9491.023564935113:38		
832.1344	832.1544	1	31	38	137,115,131,129,127,128,141,134	31,37	56573.22:31,40991.44865800858:37	38,34	15016.146909091021:38,4979.024480519538:34
642.88	643.0138	4	35	38	109,108,120,111	36	7754.954419913418:36		
361.9881	362.0672	1	36	39	7,7,8,9	38	11519.321103896125:38		
375.0518	375.1381	1	36	39	19,20,20,23	37	4672.333878787876:37		
404.1036	404.1934	1	34	39	46,38,36,44,45,46	35	23339.380649350693:35		
455.134	455.2374	1	35	39	69,68,78,70,73	35	24533.064870129976:35		
468.0497	468.1513	1	19	39	81,77,77,78,82,85,84,80,72,79,79,83,85,72,83,84,78,76,86,80,83	28,25,35,32,19	2264.9564199134215:28,2018.0756097402618:25,1580.0086688311692:35,1354.469287878789:32,737.1349:19		
540.0965	540.2243	1	36	39	91,102,95,98	38	4060.9050259740325:38		
550.1549	550.2719	1	36	39	92,103,96,99	38	9259.28066233768:38		
607.1429	607.2754	1	34	39	105,100,100,112,105,107	38	11651.418393939399:38	36	16473.50335497837:36
389.1035	389.1853	1	37	40	33,32,34,33			40	1187.5525725108282:40
390.1068	390.1806	1	37	40	34,33,35,34			38	19557.274415584412:38
388.145	388.2267	1	8	41	30,30,27,26,24,25,24,32,32,29,28,29,29,29,28,33,32,32,30,26,27,27,29,27,26,34,31,28,27,32,31,33,32,31	21,13,35,29,11,40	15430.049610389618:21,14964.917792207789:13,14848.316415584435:35,14280.184696969707:29,9735.593259740255:11,5871.058781385378:40	40,30,22,15,37,12,34,25	23136.678817532887:40,20577.78861471865:30,18934.24153679656:22,17532.574556277083:15,17021.650601731588:37,14588.514484848485:12,13836.549080086605:34,10231.858787878791:25
393.044	393.1225	1	38	41	37,39,38,35	39	18010.499567099563:39	40	21094.079090909116:40
394.0498	394.1202	1	38	41	40,42,41,38	39	4279.604437229437:39	39	3457.7975974025962:39
394.0498	394.1202	4	38	41	39,41,40,37				
409.0643	409.1509	1	35	42	40,38,46,47,47,46,44,39	41,36	22280.373679653774:41,16863.09997835501:36		
489.0073	489.1028	1	38	42	82,85,82,81,89			41	132.2632557359312:41
681.1514	681.2954	1	37	42	128,119,118,114,120,129	41	9641.648350649386:41	39	11490.76034848486:39
421.2806	421.3748	2	39	42	53,53,50,45	40	10734.0144069264:40		
421.7917	421.8722	2	39	42	55,55,52,47				
413.2179	413.3101	1	39	43	48,47,45,40,46	42	27123.05582251091:42		
609.1477	609.2646	1	40	43	101,106,115,119	41	4192.331149350652:41	42	13411.354411255423:42
651.0703	651.2152	1	36	43	110,122,113,113,109,115,124,127	40,43	10299.050281385295:40,7631.40347402594:43		
670.0921	670.2518	1	29	43	118,122,121,101,114,115,114,115,127,118,117,113,119,128,131	29,40,37	7087.768:29,6053.754337662347:40,4436.335948051949:37		
440.6769	440.7614	2	40	43	64,63,68,71	41	8369.119034632033:41		
430.8365	430.9382	1	34	44	60,53,53,61,57,60,60,57,57,60,58	40,44	51227.52147186154:40,47423.54971861466:44		
431.8466	431.9341	1	34	44	64,56,57,65,60,63,63,60,61,64,61			41	15429.440303030313:41
607.1429	607.2754	1	41	44	104,113,117,109	43	10789.388896103914:43	43	18970.225541125576:43
760.139	760.159	1	35	44	124,125,138,131,132,126,130,140,142,133	35,43	47514.47:35,33936.46116883142:43		
384.1484	384.2371	3	15	44	29,27,24,25,26,26,26,25,28,26,25,26,23,24,24,26,24,23,28,25,23,24,26,25,30,27,26,24,27,28	35,44,15,18,41,32,38	2581.027783549785:35,1400.7689848484947:44,881.9677:15,428.1505264069263:18,266.13887445887457:41,98.5125108225133:32,98.51251082250901:38		
431.8466	431.9341	4	34	44	63,55,56,64,59,62,62,59,60,63,60			39	11791.52896465373:39
367.0964	367.1692	1	42	45	8,9,10,10	43	3257.595303030303:43		
403.1892	403.2701	1	41	45	43,38,44,43,40	45	8959.370757575824:45		
698.1768	698.2166	1	42	45	134,136,124,120	43	13406.240692640682:43		
467.7943	467.8795	3	42	45	86,91,83,77	44	4972.09152380953:44		
868.645	868.665	3	42	45	146,146,138,133	43	27721.30654516928:43		
467.7943	467.8795	4	42	45	85,90,82,76	44	751.4372220779231:44		
868.645	868.665	4	42	45	145,145,137,132	44	59669.05562770569:44	44	29143.900649350682:44
414.9915	415.0796	1	32	46	40,51,48,42,40,48,48,49,48,46,41,47,47,45,44	46,39,34	16450.941785714273:46,13796.442727272737:39,10613.78455627706:34	41,33,38	242.42327792207726:41,149.09744523809564:33,6.474673160173324:38
424.0331	424.1235	1	42	46	48,51,53,51,50	44	17906.332857142872:44		
642.88	643.0138	3	41	46	114,123,126,116,112,122	42	9452.768634199198:42		
402.161	402.2416	1	40	47	45,42,37,43,42,39,40,42	47,40	6435.031214285753:47,5717.907:40	40,47	5336.685:40,4184.832596320332:47
489.0015	489.097	4	31	47	138,73,85,86,80,78,88,81,84,81,80,88,94,85,80,89,93	31,41,36,46	36684.93:31,17400.199090909115:41,13876.99606060607:36,7534.767257575757:46	31,44,41,34	5340.056:31,350.36165714284334:44,280.9595476190482:41,115.58562770562555:34
395.0892	395.1641	1	37	48	39,41,43,42,39,33,39,38,35,35,37,35	46,48,37	4257.253529220758:46,4191.894273376589:48,1998.788:37		
476.1453	476.2434	1	43	48	93,84,79,87,91,79	45	12511.796580086595:45	47	38.34145502164508:47
642.88	643.0138	4	40	48	107,113,122,125,115,111,121,124,114	40,47	14475.39:40,8925.603729437335:47		
432.8361	432.9335	1	46	49	63,63,58,57	48	23942.40558441563:48		
433.8483	433.9266	1	46	49	64,66,61,58			48	5267.023562770569:48
540.0965	540.2243	1	41	49	95,103,107,100,96,104,109,97,96	41,49	4132.152:41,3345.135725108225:49		
624.1675	624.3047	1	33	49	109,110,107,107,119,110,112,106,111,120,124,114,110,120,123,113,113	44,37,34,49	14217.683896103905:44,13287.179826839838:37,12198.54834199136:34,10751.727770562824:49	42,35,39	120.44904415584334:42,44.47729:35,2.6414264069264735:39
833.1405	833.1605	1	46	49	138,144,140,136	47	16005.366666666681:47		
367.1001	367.1655	1	47	50	8,9,9,7	48	3219.566891774889:48		
488.1955	488.2503	1	46	50	88,92,80,80,75	46	5501.772023809547:46		
440.6769	440.7664	2	46	50	66,68,62,59,54	46	9911.78827922086:46		
355.0164	355.1191	1	0	51	0,0,0,0,0,0,0,0,0,0,0,0,0,0,0,0,0,0,0,0,0,0,0,0,0,0,0,0,0,0,0,0,0,0,0,0,0,0,0,0,0,0,0,0,0,0,0,0,0,0,0,0	5,0,37,34,41,9,13,30,46,44,23,48,21	547243.8147186151:5,527553.7:0,521237.96666666714:37,520342.6385281388:34,520006.26623376657:41,518796.5380952384:9,510656.11948051985:13,509224.3441558446:30,501304.4883116887:46,499855.9341991346:44,498716.36883116915:23,496887.1467532471:48,489455.46580086614:21	45,21,34,4,25,13,39,0,9,29,51	11130.754458874468:45,10137.558376623387:21,9570.399220779233:34,8058.832839826843:4,7922.480220779224:25,6358.241064935065:13,6247.823303030303:39,5327.532:0,5038.216792207799:9,4306.907419913419:29,3112.1750389610897:51
356.0206	356.1127	1	0	51	1,1,1,1,1,1,1,1,1,1,1,1,2,2,1,1,1,1,1,1,1,1,1,1,1,1,2,2,1,1,1,1,1,1,1,1,1,1,2,3,2,2,1,1,1,1,1,1,1,1,1,1	43,5,47,34,11,0,20,9,51,40,23,31,27	105827.79978354985:43,104396.20627705638:5,101415.22593073598:47,101301.61593073598:34,100483.1725541126:11,99217.92:0,98583.11645021655:20,98328.34489177496:9,98263.84950216464:51,95945.60831168837:40,94967.07636363643:23,92538.58008658011:31,91240.31320346327:27	20,11,34,1,27,5,43,24,31,48,15,51,40	15068.275367965374:20,14883.519329004333:11,14496.613051948058:34,13412.91597619047:1,13323.966926406942:27,12032.453290043293:5,10554.481225108228:43,10251.772878787886:24,9731.182160173175:31,9238.660082251085:48,9171.970640692642:15,8695.598445887415:51,7833.609268398271:40
357.0145	357.1106	1	0	51	2,2,2,2,2,2,2,2,2,2,2,2,3,3,2,2,2,2,2,2,2,2,2,2,2,2,3,3,2,2,2,2,2,2,2,2,2,2,3,4,3,3,2,2,2,2,2,2,2,2,2,2	9,40,5,50,47,1,12,36,18,22,34,30,32	100611.39177489183:9,96621.44255411261:40,92965.53225108232:5,92266.39590909085:50,92186.69974025979:47,91850.22642857149:1,91166.63056277063:12,89911.73571428577:36,88552.23320346329:18,88340.37917748922:22,87381.69329004335:34,85599.72043290049:30,83632.89004329011:32	9,34,30,13,4,40,27,42,50,21,24,17	13134.685714285728:9,12846.661969696965:34,9946.853852813858:30,9872.668887445898:13,9666.552402597412:4,8350.643272727277:40,8131.518484848493:27,7890.787666666675:42,7218.817082251087:50,5992.9573160173195:21,4901.308121212126:24,1142.6235515151502:17
358.0236	358.109	1	0	51	3,3,3,3,3,4,3,3,3,3,3,3,4,4,3,3,3,3,3,3,3,3,3,3,3,3,4,4,3,3,3,3,3,3,3,3,3,3,4,5,4,4,3,3,3,3,3,3,3,3,3,3	0,32,4,21,39,13,44,23,9,36,51,28,48	8587.969:0,7016.659242424248:32,6252.76136796537:4,6074.870865800865:21,5883.798480519482:39,5686.618134199134:13,5677.6954935065:44,5237.227259740266:23,4730.020692640698:9,4326.258991341989:36,4028.3681536796616:51,3550.864060606064:28,2944.2374025974073:48	48,0,3,51,41,23,29,6,12,14,19,32,36	3945.593510822512:48,1759.918:0,1642.2673766233772:3,1319.730729220811:51,1247.2614599567119:41,1238.8667058441574:23,1233.641247835499:29,1119.049491341992:6,792.2985497835502:12,739.3965497835492:14,340.67100216450183:19,235.82717316017246:32,174.9997497835498:36
358.9857	359.1299	1	0	51	4,4,4,4,4,5,4,4,4,4,4,4,5,5,4,4,4,4,4,4,4,4,4,4,4,4,5,5,4,4,4,4,4,4,4,4,4,4,5,6,5,5,4,4,4,4,4,4,4,4,4,4	17,39,2,14,10,49,22,25,30,43,7	17691.77002164502:17,15097.466709956725:39,14492.165627705635:2,13274.74331168831:14,12796.063333333344:10,12179.01124458869:49,11359.187748917751:22,10535.406056277076:25,10483.036969696977:30,10389.48285281386:43,10387.12255411256:7	9,34,51,44,13,17,30,27,40,5,0,23	23362.013636363652:9,20352.58324675325:34,19377.326419913443:51,19081.763571428583:44,17884.514545454556:13,17266.468506493504:17,16926.823939393955:30,15397.913073593067:27,14753.554285714297:40,13400.688181818186:5,9691.252:0,8362.58764069265:23
359.9885	360.0635	1	35	51	5,5,5,6,7,6,6,5,5,5,6,6,5,5,5,5,5	41,46,51	6638.793783549794:41,3986.32247619048:46,1814.7137727273034:51	42,46,37,50	5412.955433116887:42,4096.301900735928:46,1294.309047348483:37,304.133351878658:50
360.988	361.0559	1	35	51	6,6,6,7,8,7,7,6,6,6,7,7,6,6,6,6,6	51,47,41,36	1172.4543831168717:51,1171.6276580086592:47,1056.5329712121224:41,265.6068:36	35,50,43,38	0.4428133:35,0.2257603688311684:50,0.1684784761904763:43,0.009584703463203286:38
368.0499	368.123	1	40	51	9,9,9,10,11,11,10,9,10,10,8,7	40,50,46	6285.612:40,3911.024062770575:50,3739.4599588744572:46	48,44	34661.59043073591:48,25207.649264069278:44
369.0604	369.1603	1	0	51	9,10,11,12,9,10,8,9,11,12,10,9,8,9,8,10,10,8,9,10,10,10,9,11,9,10,11,9,10,10,10,8,8,8,6,7,10,11,11,12,10,10,10,11,12,12,11,10,11,11,9,8	25,12,19,5,29,51,41,36,34,47,38,1	23753.961735930752:25,22637.795714285698:12,20916.721645021684:19,20718.98753246751:5,20477.70541558441:29,20377.540211038926:51,20298.216753246783:41,18800.92740259742:36,18612.373419913434:34,17672.763181818224:47,15904.14515151516:38,7343.0599878789235:1	39,6,50,29,22,10,13,46,35,18,0	94003.87268398268:39,91716.23432900444:6,86440.29318181842:50,83058.81264069269:29,81052.00930735929:22,75356.36329004333:10,73750.35645021655:13,69197.80978354985:46,63229.67861471868:35,52052.404632034704:18,35009.12:0
370.0827	370.1562	1	0	51	10,11,12,13,10,11,9,10,12,13,11,10,9,10,9,11,11,9,10,11,11,11,10,12,10,11,12,10,11,11,11,9,9,9,7,8,11,12,12,13,11,11,11,12,13,13,12,11,12,12,10,9			38	94395.34294372298:38
371.0095	371.1561	1	0	51	13,14,15,15,12,13,11,12,15,15,13,12,11,12,11,13,13,11,12,13,13,13,12,14,12,13,14,12,13,13,13,11,11,11,9,10,13,14,14,15,13,13,13,14,15,15,14,13,14,15,13,12	9,46,41,34,14,26,36,32,18,51,16,5,22	1220997.7207792215:9,1170346.640692641:46,1138564.3874458887:41,1123542.0735930742:34,1118871.194805195:14,1117879.7142857148:26,1106471.0865800874:36,1071234.2493506495:32,1039282.6121212133:18,1038339.2867965378:51,1025468.331168832:16,527534.9502164508:5,428830.3484848489:22	13,4,40,38,15,25,50,43,9,19,30,32,47	29643.58484848485:13,28795.712554112564:4,28629.89645021648:40,28265.828744588747:38,26595.272727272753:15,25322.537012987035:25,25085.67952380969:50,25016.43870129872:43,24437.287402597434:9,22653.551255411265:19,21708.623549783566:30,21567.183116883138:32,20805.481818181834:47
371.2628	371.3597	1	0	51	15,16,17,16,13,14,12,13,16,16,14,13,12,13,12,14,14,12,13,14,14,14,13,15,13,14,15,13,14,14,14,12,12,12,10,11,14,15,15,16,14,14,14,15,16,16,15,14,15,16,14,13	46,9,41,26,14,38,32,16,34,18,3,22	140263.32316017317:46,139691.98809523816:9,137017.0651515153:41,135156.86731601736:26,130008.4461038961:14,122617.16536796546:38,121525.85952380953:32,118253.95367965379:16,114660.52857142863:34,112170.60865800882:18,33628.26:3,27243.39683982689:22		
372.0437	372.1524	1	0	51	14,15,16,18,15,16,14,15,18,18,16,15,14,15,14,16,16,14,15,16,16,16,15,17,15,16,17,15,16,16,16,14,14,14,12,13,16,17,17,18,16,16,16,17,18,18,17,16,17,18,16,15	1,20,15,34,8,5,44,23,30,37,11,27,47	401907.5325324696:1,103775.74069264074:20,102330.97402597408:15,102175.1238095239:34,98778.76471861481:8,98718.33060606058:5,98260.71991341999:44,94978.64930735936:23,94432.61017316021:30,94106.7262337663:37,91483.17294372298:11,87389.07809523813:27,82400.93930735937:47	32,4,48,40,26,51,9,37,45,22,13,0	10694.450952380963:32,10503.384783549793:4,10256.219857142867:48,9711.593744588756:40,9583.21783982685:26,8262.562071428605:51,7958.436363636373:9,7923.778497835508:37,7554.851593073601:45,7287.166562770572:22,7196.590480519482:13,3929.596:0
373.0089	373.145	1	0	51	18,19,20,21,18,19,17,18,19,19,17,16,15,16,15,20,19,17,18,19,19,19,18,20,18,19,18,16,17,17,19,17,17,17,15,16,17,18,18,21,19,19,17,20,21,19,18,17-18,18,19,17,16	6,23,12,51,29,8,49,44,36,33,40,17,0	144685.30346320357:6,138468.74805194818:23,137644.89632034648:12,136992.76731601678:51,136156.15411255418:29,133626.48138528154:8,133226.86212121183:49,130274.10649350658:44,112936.72402597414:36,106466.98008658017:33,103599.86298701307:40,101971.0398268399:17,28695.75:0	5,19,1,42,50,8,30,28,45,35,37,14,16	7651.736974025976:5,7375.845194805196:19,6393.475635281415:1,6114.790696969699:42,5977.180015151531:50,5788.314398268407:8,5140.175406926411:30,3638.7230173160174:28,3404.7557878787893:45,2861.5422164502206:35,2537.9769614718607:37,2256.9641471861473:14,1949.976722943728:16
374.0438	374.1414	1	0	51	19,20,21,22,19,20,18,19,20,20,18,17,16,17,16,21,20,18,19,20,20,20,19,21,19,20,19,17,18,18,20,18,18,18,16,17,18,19,19,22,20,20,18,21,22,20,19,19,19,20,18,17	1,21,11,37,43,30,51,24,41,28,16,47,5	47356.98852813862:1,23015.980952380978:21,21348.449047619055:11,21176.345281385296:37,21165.30653679655:43,20200.720129870155:30,18242.187402597418:51,18152.848787878807:24,18139.637922077934:41,17880.601861471867:28,16321.067532467549:16,14755.822207792218:47,14412.241904761915:5		
375.0518	375.1381	1	41	51	21,19,22,23,21,20,20,20,21,19,18	48,44	8524.86338095238:48,5467.877376623382:44		
381.0425	381.1224	1	0	51	21,24,25,26,23,22,20,21,22,22,21,20,18,19,18,25,23,20,21,22,22,22,21,23,21,21,22,19,20,20,22,20,19,23,20,18,20,21,21,26,23,22,20,23,24,22,21,21,21,22,20,19	43,27,13,23,20,9,37,3,41,30,5,35,51	19372.775844155854:43,18959.024632034638:27,16635.554372294373:13,16469.791255411277:23,16319.5406926407:20,16154.793939393947:9,15698.502857142876:37,15651.020952380966:3,15454.231212121213:41,15080.4294805195:30,15007.99445887448:5,14982.605454545459:35,13649.465930735918:51	5,18,28,25,9,15,21,12	1846.3318474026044:5,430.9786580086583:18,367.7780813852791:28,349.1324722943727:25,194.86817748917727:9,16.449567099567513:15,16.449567099566796:21,6.7939069264068:12
382.0388	382.119	1	0	51	22,25,26,27,24,23,21,22,23,23,22,21,19,20,19,26,24,21,22,23,23,23,22,24,22,22,23,20,21,21,23,21,20,24,21,19,21,22,22,27,24,23,21,24,25,23,22,22,22,23,21,20	29,51,6,47,10,0,35,19,13,26,45,22,33	6775.620961038967:29,6421.528307359354:51,6349.355943722946:6,6279.501822510823:47,6272.797458874463:10,6206.645:0,5775.234103896103:35,5484.263238095242:19,5371.4381428571505:13,5283.644112554116:26,4524.001497835499:45,4430.734363636366:22,4159.816125541127:33	0,43,8,4,28,15,18,23,34,12,37,31,51	29536.37:0,18652.38221212124:43,12049.411432900422:8,12028.606060606075:4,8164.737878787887:28,7698.093766233771:15,6709.275497835502:18,6447.654556277059:23,5354.322432900436:34,3866.9084415584425:12,3656.9071255411327:37,2965.3164761904686:31,2473.415064935052:51
383.0391	383.1759	1	26	51	24,21,22,22,24,22,21,25,22,20,22,23,23,28,25,24,22,25,26,24,23,23,23,24,22,21	50,27,37,45,31	7625.856893939406:50,6654.58320995672:27,5958.466753246763:37,5882.0570606060655:45,5372.642406926412:31	43,33,26,49,37	4598.03964935065:43,2749.9076413419953:33,2302.939:26,1428.9860432900837:49,733.0692722943727:37
384.1484	384.2331	1	7	51	25,26,26,25,24,22,23,22,30,28,25,26,27,27,27,26,29,27,26,27,24,25,25,27,25,24,29,26,24,25,28,27,31,28,27,25,28,29,26,26,26,26,27,25,24	28,18,9,15,21	687.5106077922082:28,467.2721796536799:18,169.2694:9,17.834816017316463:15,17.83481601731569:21	48,9,35,38,32	3057.9388593073604:48,2026.1:9,1540.844783116884:35,73.331224025973:38,59.029220779222264:32
385.1083	385.1973	1	1	51	29,30,31,30,27,22,26,27,27,26,25,23,24,23,31,29,26,27,28,28,28,27,32,31,30,28,25,26,26,28,26,25,33,30,27,26,29,28,32,29,28,26,29,30,27,27,27,27,28,26,25	26,30,40,37,11,20,45,1,51,13,16,7	37034.59484848489:26,35828.48138528138:30,35092.89419913425:40,34657.6488744589:37,34469.999610389634:11,33012.289653679654:20,31379.894935064942:45,30964.5:1,30245.618744588777:51,30095.822077922112:13,29763.181731601762:16,28929.770952380964:7	4,41,37,8,16,47,34,13,20	14546.931969697054:4,13253.407748917747:41,11736.862121212118:37,10609.624770562767:8,8754.950064935061:16,2637.9843852812774:47,287.0547619047691:34,245.63181818182437:13,154.62642857142572:20
388.1492	388.2307	1	43	51	30,31,28,28,28,28,29,27,26	43,51	18133.56:43,14059.928939393947:51	43,46	15599.01:43,15141.43661471862:46
391.1016	391.242	1	0	51	29,33,32,35,34,31,24,27,31,31,28,29,27,28,27,35,33,30,29,30,30,32,31,35,33,35,33,27,30,30,32,30,27,37,34,29,28,35,34,36,35,32,29,33,32,31,31,31,29,30,28,27	43,51,9,17,4,36,27,48,13,23,31	110581.10086580092:43,107579.63216450182:51,103385.15393939402:9,102339.8544588745:17,101741.55969696978:4,98170.62683982692:36,97875.81255411262:27,97133.50909090915:48,95617.9422943724:13,94079.07666666672:23,86612.79593073599:31	12,21,30,14,0,47,26,39,34,51,6	8095.374807359313:12,7960.483396536793:21,7155.903099567106:30,7054.508549783555:14,6557.931:0,6412.411049783563:47,6266.1916359307415:26,5498.920675324685:39,4969.082696969707:34,2299.9362748918475:51,795.1910389610396:6
392.171	392.3287	1	0	51	30,34,33,36,35,32,25,28,32,32,29,30,28,29,28,36,34,31,30,31,31,33,32,36,34,36,34,28,31,31,33,31,28,38,35,30,29,36,35,37,36,33,30,34,33,32,32,32,30,31,29,28	6,49,35,17,24,32,20,1,28,11,45,41	13507.462978354986:6,11306.432277056321:49,10080.771493506496:35,8873.258164502171:17,7505.1278917749005:24,7447.514038961038:32,7309.941515151525:20,7279.6797012987945:1,6028.53635064936:28,6019.037060606065:11,5465.304090909099:45,5131.677874458887:41	11,37,0,34,15,8,3	2862.0515043290025:11,1877.1759018398263:37,701.7365:0,83.10326839827049:34,68.42129870129743:15,34.24225108225241:8,15.18910173160145:3
393.249	393.3401	1	0	51	33,37,36,39,38,35,28,31,35,34,32,33,31,32,31,39,37,34,33,33,34,36,35,39,37,39,37,31,34,34,35,34,31,41,38,32,31,38,38,40,39,36,32,37,36,34,34,35,33,34,31,30	8,36,17,42,24,49,51,45,4,31,13,27,0	51099.05865800868:8,50127.539696969754:36,45848.86177489177:17,39929.223593073606:42,39823.333376623435:24,35178.66034632034:49,32755.279848484926:51,29170.90077922082:45,28658.099480519515:4,25022.785800865808:31,23369.11748917753:13,20814.686623376627:27,16688.01:0		
396.027	396.1316	1	0	51	36,40,40,43,42,39,32,33,38,36,35,35,35,36,35,41,41,37,37,35,36,40,39,43,40,43,41,35,38,36,37,38,33,45,42,34,32,40,42,44,43,40,34,40,39,36,36,38,36,36,33,32	36,9,46,48,51,30,20,16,42,5,24,0	55536.14545454549:36,54240.98437229437:9,51782.694458874474:46,51241.83095238099:48,50128.03595238106:51,46079.03692640695:30,45831.465887445906:20,45097.903246753296:16,42899.426147186176:42,42344.6044588745:5,39518.152640692664:24,35087.03:0		
399.2797	399.3939	1	0	51	37,41,41,44,43,40,33,34,39,37,36,36,36,37,36,42,42,38,38,36,37,41,40,44,41,44,42,36,39,37,38,39,34,46,43,35,33,41,43,45,44,41,35,41,40,37,38,40,37,37,34,33	47,5,27,34,38,41,43,23,8,51,31,16,14	130821.12034632043:47,123286.46320346328:5,120574.08441558448:27,119899.33030303038:34,119462.07445887453:38,117556.30649350658:41,117065.59350649362:43,116707.1333333334:23,115713.60822510831:8,112841.71536796531:51,110066.89567099576:31,108624.12077922086:16,108429.19437229444:14		
400.3055	400.3943	1	42	51	36,42,41,38,39,41,38,38,35,34	42,49	8628.615:42,8256.39515151514:49		
409.0687	409.1509	1	44	51	46,43,42,43,39,40,37,36	50,44	12364.526023809522:50,10892.91:44		
413.2134	413.3146	1	45	51	44,43,44,40,41,38,37	48	26145.800995671016:48		
419.2637	419.362	1	0	51	43,49,50,53,52,48,40,38,46,44,43,45,46,46,44,47,50,44,45,43,43,47,46,51,50,51,50,43,46,43,44,45,43,54,50,43,41,49,50,51,51,48,43,48,48,46,45,45,41,42,39,38	38,47,41,0,31,11,20,7,28,3,51,24	36723.20199134202:38,36417.74844155846:47,33376.15558441561:41,32588.31:0,32496.301774891792:31,31835.24670995674:11,31343.45372294375:20,31176.961688311716:7,30749.74359307361:28,30701.379740259756:3,29614.306515151533:51,28896.817619047644:24	27,7,32,15,35,3,22,51,41,0,48,13,11	4864.375103896107:27,4151.323640692645:7,4046.085333333336:32,3467.326519480521:15,3398.5676017316046:35,2740.5675757575796:3,2576.9310194805253:22,2551.6323852813216:51,2453.622147186146:41,2381.791:0,2370.9891991341997:48,2330.7704510822505:13,1834.7199060606065:11
420.2749	420.3551	1	0	51	44,50,51,54,53,49,41,39,47,45,44,46,47,47,45,48,51,45,46,44,44,48,47,52,51,52,51,44,47,44,45,46,44,55,51,44,42,50,51,52,52,49,44,49,49,47,46,46,42,43,40,39	24,20,46,14,51,2,6,37,30,10,34	4589.189086580085:24,3135.3033302380954:20,3055.465532467538:46,3025.506599718615:14,2180.3569307359685:51,1937.9074188311697:2,1721.4872186147204:6,1496.7217484848486:37,1438.117017316018:30,586.3412251082278:10,166.34399913419966:34		
421.2805	421.3748	1	0	51	45,51,53,56,55,51,43,41,49,46,46,48,49,49,47,49,53,47,47,46,46,50,49,53,52,53,52,46,49,46,47,48,46,56,53,46,44,52,52,54,54,51,46,50,51,49,48,48,44,45,42,41	25,0,33,9,4,18,39,15,29,43,50,12,46	30295.689653679696:25,25706.88:0,21551.480822510843:33,21450.367186147196:9,20516.54515151516:4,19897.88826839828:18,19591.301212121234:39,18648.013160173177:15,17474.40787878787:29,16972.729220779234:43,15319.490086580125:50,14842.018961038973:12,13645.351168831172:46		
429.0177	429.1475	1	0	51	47,55,57,60,60,56,47,44,52,48,51,53,52,52,50,51,56,50,49,50,52,54,52,55,54,55,54,49,52,49,50,51,49,60,57,50,49,57,54,57,57,54,52,54,55,53,52,51,47,48,45,44	42,5,0,39,30,9,13,46,50,34,11,21,26	254483.90865800882:42,237097.12294372317:5,235208.4:0,229478.8337662339:39,229333.43679653696:30,229086.75194805214:9,225631.35238095254:13,225288.40865800882:46,224374.9530303033:50,224015.60562770575:34,223292.81601731616:11,217955.77359307377:21,217577.8385281387:26	22,44,27,4,18,41,7,51,30,38,48,35,13	11149.742454545461:22,10283.826346320353:44,9538.990432900428:27,9326.088138528148:4,8806.327424242427:18,8462.715121212119:41,8021.122515151519:7,6442.655186796508:51,6200.633450216458:30,6129.505558441565:38,6126.97383549783:48,5067.652627705637:35,4431.1163809523805:13
430.0358	430.142	1	0	51	48,56,58,61,61,57,48,45,53,49,52,54,53,53,51,52,57,51,50,51,53,55,53,56,55,56,55,50,53,50,51,52,50,61,58,51,50,58,55,58,58,55,55,58,56,54,53,52,48,49,46,45	40,36,11,8,48,44,51,27,3,21,30,23,17	58960.33008658014:40,53271.39129870132:36,52719.298658008716:11,52063.088138528175:8,52009.03528138533:48,50845.89714285719:44,50514.60859307335:51,49801.703160173194:27,49685.417359307394:3,49438.460865800895:21,48851.890476190514:30,48765.29904761909:23,48154.248744588775:17	7,33,26,29,38,23,10,49,40,46	4148.066:7,2857.523834199132:33,2600.814541125544:26,2515.286907792205:29,328.7813203463202:38,97.18580086580332:23,89.78497835497669:10,63.02387844155867:49,17.80931168831136:40,1.3821025974026322:46
430.8366	430.9382	1	46	51	56,54,50,51,48,47	50	49338.38164502165:50		
431.0239	431.1351	1	0	51	51,59,61,64,63,60,51,47,56,52,55,57,56,56,54,55,60,56,55,56,56,57,56,59,58,58,57,52,56,53,54,55,52,64,62,54,55,63,58,61,61,58,59,62,59,56,58,56,51,52,49,48	0,47,16,10,12,50,23,37,35,40,30,19,6	47653.68:0,47618.78567099567:47,46317.76627705631:16,45752.13764069267:10,44644.8631601732:12,44321.85809307368:50,42920.36067099569:23,42053.13108225111:37,41839.54550000001:35,41744.54186147192:40,40243.82959740268:30,38805.88731601739:19,34322.028277056306:6		
431.8466	431.9293	1	46	51	60,58,53,54,51,50			51	20752.78601731597:51
432.0346	432.1848	1	42	51	62,65,62,57,61,59,54,55,52,51				
445.0451	445.1861	1	0	51	57,65,71,74,72,70,59,53,67,63,63,65,62,60,59,61,66,63,60,62,61,61,62,65,69,68,64,56,64,65,64,66,58,69,70,62,61,71,63,66,67,65,70,73,67,59,68,70,63,60,55,53	5,43,40,9,20,0,51,16,29	1241594.9826839836:5,1225884.8528138539:43,1223515.4718614728:40,1223137.0735930745:9,1193507.8398268404:20,1192803.0:0,1186954.2619047624:51,1165124.0043290053:16,1161319.6190476199:29	40,29,48,34,11,25,19,45,9,1,5,23	31881.248051948063:40,30246.35346320348:29,21571.410043290052:48,21046.17056277057:34,19652.96943722945:11,19540.182987013:25,19304.74248917751:19,16667.933896103914:45,16351.238787878792:9,14701.483452380986:1,13267.329242424255:5,12908.224675324682:23
446.05	446.1863	1	0	51	59,67,73,76,74,72,61,55,69,65,65,67,64,62,61,63,68,65,62,64,63,63,64,67,71,70,66,58,66,67,66,68,60,71,72,64,63,73,65,68,69,67,72,75,69,61,70,72,65,62,57,55	5,43,48,8,0,13,35,21,37,51,28,30	235849.78701298716:5,234128.62727272746:43,231130.0519480521:48,228828.6038961041:8,227121.4:0,225293.48744588764:13,219924.95541125562:35,219456.7658008659:21,218180.82813852836:37,217471.8902597394:51,212596.65238095255:28,207234.86060606077:30	20,36,9,7,40,47,42,2,28,25,17,13,33	17305.19056277057:20,16732.127748917752:36,16438.08515151516:9,15561.287705627718:7,14840.48748917749:40,14829.362640692658:47,14739.268051948064:42,13901.293766233746:2,13750.849307359313:28,12709.554199134209:25,12450.317792207798:17,12404.775930735945:13,11583.423571428582:33
447.0532	447.1746	1	0	51	61,69,75,78,76,74,63,57,71,67,67,69,66,64,63,65,70,67,64,66,65,65,66,69,73,72,68,60,68,69,68,70,62,73,74,66,65,75,67,70,71,69,74,77,71,63,72,74,67,64,59,57	37,4,8,43,10,50,21,14,30,34,27	236188.40281385308:37,231007.54372294393:4,227808.21341991358:8,226115.34350649375:43,225694.92424242443:10,223177.34415584418:50,221914.96320346338:21,219616.80822510837:14,212963.03160173175:30,211306.25584415602:34,210084.11082251093:27	0,47,29,27,15,9,33,39,51,11,5,22	8526.92:0,6017.075787878796:47,5654.820502164509:29,5622.0853852813825:27,5211.581839826842:15,5126.3530000000055:9,5007.451341991344:33,4623.134038961043:39,4490.703292207745:51,4333.646225108229:11,3425.1513896103925:5,3136.209155844155:22
448.0597	448.1713	1	0	51	62,72,78,79,77,75,64,58,73,71,70,70,67,65,64,66,71,68,65,67,66,66,67,70,74,73,69,61,69,70,69,71,63,74,75,67,66,76,68,71,72,70,75,79,73,65,73,75,68,67,62,58	39,51,17,23,0,8,46,44,6,31,35,33,27	28033.556450216438:39,13713.955274891727:51,12860.5533982684:17,11125.5545974026:23,10951.8:0,10780.380852813865:8,10221.38836796538:46,9868.048372294375:44,8779.7935021645:6,8741.892264069258:31,8519.651450216452:35,8123.203974025985:33,7512.947601731616:27		
449.0594	449.1663	1	0	51	63,73,79,80,78,76,65,59,74,72,71,71,68,66,65,67,72,69,66,68,67,67,68,71,75,74,70,62,70,71,70,72,64,75,76,68,67,77,69,72,73,71,76,80,74,66,74,76,69,68,63,59	5,35,11,42,49,16,30,24,38,20,46,22	13452.619242424253:5,12370.743160173166:35,12242.602727272739:11,11044.78070129871:42,10618.497012987014:49,10253.002186147196:16,10162.06665367966:30,9925.196783549789:24,9548.433432900443:38,8909.174696969701:20,8740.963329004333:46,8320.820549783557:22		
455.1392	455.2374	1	46	51	75,77,70,69,64,60	47	23717.294372294546:47		
459.1221	459.216	1	35	51	70,69,79,71,74,74,72,77,82,75,67,76,79,71,71,66,62	48,36,44,40	10664.972012987018:48,9705.05966450219:36,7964.003025974037:44,6850.127272727276:40	39,36,51,43	4810.501956709956:39,2587.513:36,2131.0141612554344:51,846.5346103896088:43
462.0783	462.2156	1	0	51	66,76,83,84,82,81,71,63,77,75,74,74,71,68,68,69,74,72,71,73,69,69,70,74,79,78,74,66,73,73,75,77,66,77,78,72,70,80,74,77,75,73,79,84,76,70,79,83,72,73,67,63	9,34,5,44,13,38,20,29,27,51,16,0	469035.4731601733:9,451605.15108225134:34,451605.04199134256:5,445047.3670995673:44,444969.8259740264:13,444911.1952380955:38,436484.88917748944:20,432606.75974026:29,430906.0580086582:27,422694.91298701323:51,420757.88225108257:16,418729.5:0	46,38,14,7,27,3,32,10,19,42	15333.13158008659:46,13351.872207792225:38,11098.390909090926:14,10807.83583549784:7,10310.176095238101:27,10036.620116883132:3,9390.554610389616:32,8046.532402597413:10,5396.55138095239:19,4923.406186147187:42
463.0826	463.2041	1	0	51	67,77,84,85,83,82,72,64,78,76,75,75,72,69,69,70,75,73,72,74,70,70,71,75,80,79,75,67,74,74,76,78,67,78,79,73,71,81,75,78,76,74,80,85,77,71,80,84,73,74,68,64	1,11,51,36,41,9,43,27,48,22,30,20,18	87327.83054112551:1,85014.76285714288:11,84408.25965367878:51,83960.01095238105:36,77082.71909090912:41,75416.76796536797:9,75242.08614718622:43,75042.10891774898:27,72971.70883116884:48,71823.57480519485:22,69165.0295238096:30,69034.64255411256:20,62358.90653679657:18	1,45,13,26,5,38,34,22,48,51,42,10,17	4291.183588744603:1,3925.5565974026003:45,3824.168346320351:13,3596.0909264069282:26,3166.069515151514:5,2914.296294372297:38,2913.596805194808:34,2890.4118311688353:22,2689.3326363636384:48,2526.230318181748:51,2441.7506233766235:42,2372.347164502166:10,2250.97738961039:17
464.0845	464.2011	1	0	51	68,78,85,86,84,83,73,65,79,77,76,76,73,70,70,71,76,74,73,75,71,71,72,76,81,80,76,68,75,75,77,79,68,79,80,74,72,82,76,79,77,75,81,86,78,72,81,85,74,75,69,65	9,4,34,16,41,43,30,20,12,51,1,36,49	93355.65653679654:9,89585.85264069271:4,87256.84614718618:34,87041.14974025983:16,85270.17523809524:41,84623.25848484859:43,84312.66294372304:30,83476.20051948055:20,83432.86406926412:12,80939.42060606077:51,76611.12859307388:1,76460.14086580096:36,70234.48790043296:49	2,23,17,12,9,40,44,30,36,51,34,48	22613.29527056271:2,15637.988874458893:23,15393.908852813858:17,15212.059718614732:12,13203.916991342006:9,13127.222987012992:40,12725.946320346335:44,10857.84229437231:30,9465.528909090912:36,9127.056216450233:51,9065.259865800872:34,8342.154528138528:48
465.0899	465.1961	1	0	51	69,79,86,87,85,84,74,66,80,78,77,77,74,71,71,72,77,75,74,76,72,72,73,77,82,81,77,69,76,76,78,80,69,80,81,75,73,83,77,80,78,76,82,87,79,73,82,86,75,76,70,66	46,38,6,28,21,42,3,35,10,51,31,17,14	11423.750627705635:46,8700.369372294375:38,8181.64058441558:6,5768.533835497845:28,4491.545926406925:21,4336.287709956714:42,4148.352939393948:3,3809.6884329004424:35,3498.8650909090943:10,3245.80273809525:51,3180.6940952380983:31,2816.572649350654:17,2752.6212857142878:14	41,39,5,35,28,25,45,15,50,32,43,19,9	4949.661844155852:41,4623.722303030307:39,4460.062692640697:5,4345.051164502167:35,4040.4628528138587:28,3804.7141835497823:25,3774.5528095238087:45,3272.68651515152:15,2800.3752813852952:50,2764.766662337665:32,2634.030512554114:43,2544.0365411255393:19,2469.016670995672:9
466.0878	466.1889	1	0	51	70,80,87,88,86,85,75,67,81,79,78,78,75,72,72,73,78,76,75,77,73,73,74,78,83,82,78,70,77,77,79,81,70,81,82,76,74,84,78,81,79,77,83,88,80,74,83,87,76,77,71,67	51,26,22,6,34,10,42,44,38,49,19,16,13	3847.061757575717:51,3751.155142857144:26,3746.523307359311:22,3660.569294372298:6,3581.139021645027:34,3521.6639004329027:10,3422.5968571428575:42,3397.0512683982724:44,3380.2404242424286:38,2747.312125541106:49,2549.980138528139:19,2530.231627705629:16,2410.0851688311723:13	0,7,11,22,35,42,47,37,16,31,28	19379.97:0,9392.701662337684:7,9274.812991342:11,8341.75558874459:22,6840.4821948052:35,6590.6593376623405:42,6387.074021645026:47,5996.307125541126:37,4864.472969696978:16,4238.610632034635:31,4069.2951904761962:28
467.0455	467.1523	1	0	51	71,81,88,89,87,86,76,68,82,80,79,79,76,73,73,74,79,77,76,78,74,74,75,79,84,83,79,71,78,78,80,82,71,82,83,77,75,85,79,82,80,78,84,89,81,75,84,88,77,78,72,68	5,47,42,20,27,34,14,30,25,51,9,0	15401.431402597398:5,13993.553138528156:47,13018.024891774907:42,13002.739155844156:20,12847.093896103906:27,12804.41948051948:34,12243.341601731601:14,11850.181103896117:30,11577.117575757571:25,10455.876623376644:51,10193.103367965372:9,453.3778:0	2,14,9	5237.3:2,4203.27157846326:14,2450.606369047623:9
468.0552	468.1513	1	45	51	78,85,89,78,79,73,69	50	1540.9883062770616:50		
489.1758	489.2829	1	43	51	95,86,81,90,94,81,82,77,72	48,43	20883.414588744614:48,17246.83:43		
503.0452	503.1682	1	0	51	83,93,99,99,98,94,83,77,94,87,86,86,82,81,82,84,90,87,83,85,80,78,81,86,87,86,82,74,81,83,86,87,74,86,87,81,79,89,83,86,83,82,90,96,87,82,91,95,82,83,78,73	40,4,31,7,11,45,21,47,34,25,17,0,14	66839.40740259744:40,61514.02580086584:4,61206.637922077956:31,60446.837705627746:7,59156.129177489216:11,59078.781731601775:45,59024.18419913425:21,58624.77069264074:47,58382.30077922082:34,57715.15415584418:25,56581.07848484853:17,55919.16:0,54888.24549783552:14	13,36,49,24,40,4,0,17,9,45,29,21	5210.613164502164:13,5160.4807467532555:36,4696.135299783535:49,4365.358090909092:24,4037.394772727273:40,3827.910688311689:4,3588.688:0,3508.574069264066:17,3224.0921515151576:9,2921.7202705627733:45,2573.564839826843:29,2085.6458484848526:21
504.0462	504.1634	1	0	51	84,94,100,100,99,95,84,78,95,88,87,87,83,82,83,85,91,88,84,86,81,79,82,87,88,87,83,75,82,84,87,88,75,87,88,82,80,90,84,87,84,83,91,97,88,83,92,96,83,84,79,74	43,22,6,16,0,48,39,31,37,28,2,12,9	16637.731948051958:43,15000.458203463208:22,14672.013311688324:6,14536.692792207803:16,14055.34:0,13444.044480519491:48,13147.673246753255:39,12659.147056277063:31,12503.353367965377:37,12026.168138528144:28,11832.385573593041:2,11712.673528138535:12,10865.882445887453:9	27,38,21,11,31,47,15,7,34,42	3303.045928571427:27,3202.7151645021686:38,2699.2212813852802:21,2695.471896103897:11,2627.373647186148:31,2604.937112554108:47,2050.977645021647:15,1813.489:7,143.0427705627704:34,83.68828138528288:42
505.032	505.198	1	7	51	79,96,89,88,88,84,83,84,86,92,89,85,87,82,80,83,88,89,88,84,76,83,85,88,89,76,88,89,83,81,91,85,88,85,84,92,98,89,84,93,97,84,85,80,75	42,11,8,15,38,31,26,34,50,19,22	11470.602727272728:42,9959.03100432901:11,9948.629816017321:8,9654.9996969697:15,9110.321835497842:38,8609.766004329009:31,8411.417770562772:26,8164.990995671009:34,8132.037413419904:50,7867.033125541128:19,5508.148965367973:22	22,11,47,37,20,16,30,40,43,26	7779.835857142857:22,7028.975303030308:11,6759.762350649347:47,6642.247844155848:37,6253.716121212121:20,6033.274341991354:16,5897.734510822509:30,5700.288926406933:40,5418.796103896115:43,4124.138515151525:26
519.0585	519.2056	1	0	51	92,102,102,105,102,104,88,82,97,90,90,92,88,84,86,88,93,90,86,88,84,82,85,90,92,90,85,78,85,88,92,93,78,90,90,84,82,93,87,90,86,86,94,99,90,86,95,101,87,86,81,76	3,42,7,14,35,0,20,46,27,50,29,24	372412.35108225135:3,365051.3865800869:42,358760.54718614754:7,355089.6471861475:14,353453.2350649353:35,353377.0:0,348369.1683982685:20,347975.58354978374:46,339910.3952380954:27,338889.6069264072:50,333558.1424242427:29,326416.99090909114:24	50,30,11,41,34,19,5,15,24	19056.93472294372:50,18805.204870129874:30,18187.568852813874:11,15735.861320346328:41,15068.653528138531:34,12014.792099567107:19,11176.272900432916:5,7299.579285714294:15,4425.367374025979:24
520.0631	520.2105	1	0	51	93,103,103,106,103,105,89,83,98,91,91,93,89,85,87,89,94,91,87,89,85,83,86,91,93,91,86,79,86,89,93,94,79,91,91,85,83,94,88,91,87,87,95,100,91,87,96,102,88,87,82,77	50,41,0,39,45,4,25,21,9,16,14,27	77366.48742424238:50,75988.22588744595:41,75430.55:0,75118.88666666672:39,74799.66948051956:45,72629.73484848488:4,69973.12454545459:25,68691.6122510823:21,68114.35316017324:9,67148.90134199137:16,65842.15203463205:14,62674.993896103966:27	0,19,12,33,46,9,42,39,37,27,5,51	14999.85:0,13684.83984848486:19,13380.481515151523:12,11863.358333333343:33,10967.248917748911:46,10768.358402597407:9,10718.96251082253:42,10559.63928138528:39,6557.115160173164:37,6394.858212121217:27,4467.009268398273:5,4291.463906926512:51
521.0644	521.1993	1	0	51	94,104,104,107,104,106,90,84,99,92,92,94,90,86,88,90,95,92,88,90,86,84,87,92,94,92,87,80,87,90,94,95,80,92,92,86,84,95,89,92,88,88,96,101,92,88,97,103,89,88,83,78	37,7,3,27,47,23,14,51,0,33,40,43,16	88731.01995671004:37,88291.40956709963:7,86303.84610389615:3,86148.38575757586:27,83283.90848484854:47,82775.63272727281:23,82489.94930735935:14,79731.7522943723:51,79251.02:0,77969.35316017318:33,77215.29727272733:40,75892.57367965374:43,74914.23030303037:16	50,29,45,6,23,36,16,1,41,10	4949.023463203468:50,4511.276675324678:29,4098.457757575764:45,3880.0274199134265:6,3766.0886017316047:23,3685.4652813852845:36,2714.61825541126:16,2505.898:1,100.75346320346574:41,77.95448051947908:10
522.0684	522.1973	1	0	51	95,105,105,108,105,107,91,85,100,93,93,95,91,87,89,91,96,93,89,91,87,85,88,93,95,93,88,81,88,91,95,96,81,93,93,87,85,96,90,93,89,89,97,102,93,89,98,104,90,89,84,79	30,45,6,17,11,4,25,51,36,21,40	9804.099558441569:30,7527.185148484855:45,6953.066080086584:6,5600.5741298701405:17,4845.60504761905:11,4392.949406926407:4,3361.4437922077964:25,3267.1366510822563:51,2056.101813852817:36,1941.7016255411265:21,1529.7420653679649:40		
523.0754	523.1918	1	48	51	91,90,85,80	50	2439.9177359307396:50		
536.0822	536.2422	1	0	51	96,107,108,111,107,109,93,88,102,94,94,96,92,88,91,93,98,95,90,93,89,88,91,95,98,96,90,82,90,93,97,97,82,94,94,89,87,98,91,94,90,91,99,103,96,92,100,105,93,92,86,81	9,4,43,11,30,34,37,0,48,16,20,51,27	399296.66883116896:9,396082.8207792211:4,391293.5008658011:43,384931.5653679656:11,372009.7744588749:30,370019.0619047619:34,367795.94761904795:37,367539.6:0,360792.6580086583:48,360611.63246753276:16,359707.57359307376:20,355046.46471861424:51,353287.7510822513:27	49,44,33,41,8,17,4,25,37,0,12,29	20818.869610389615:49,18110.81495670997:44,15226.452831168843:33,13369.847229437242:41,12479.200649350667:8,11938.371709956717:17,11118.006554112548:4,10814.880311688314:25,10586.02127705627:37,9564.46:0,8906.370532467537:12,7114.086363636368:29
537.0832	537.2369	1	0	51	97,108,109,112,108,110,94,89,103,95,95,97,93,89,92,94,99,96,91,94,90,89,92,96,99,97,91,83,91,94,98,98,83,95,95,90,88,99,92,95,91,92,100,104,97,93,101,106,94,93,87,82	5,12,30,9,34,26,21,37,40,51,47,16	87546.40073593083:5,87411.26168831176:12,85390.30155844163:30,84457.21961038967:9,80554.3616450217:34,78906.92212121216:26,77309.87541125547:21,75738.31995671001:37,75240.40844155848:40,70548.88294372318:51,68377.10346320353:47,68105.17662337665:16	51,34,20,40,8,25,45,30,14,3,5,0	14226.56988744588:51,13959.9598917749:34,11816.635346320356:20,11331.701212121217:40,10786.855822510825:8,9779.79736796537:25,8398.093069264072:45,8303.369502164507:30,7145.557679653687:14,7052.235151515156:3,6836.243220779227:5,5749.118:0
538.0937	538.2344	1	0	51	98,109,110,113,109,111,95,90,104,96,96,98,94,90,93,95,100,97,92,95,91,90,93,97,100,98,92,84,92,95,99,99,84,96,96,91,89,100,93,96,92,93,101,105,98,94,102,107,95,94,88,83	36,51,1,27,10,14,39,42,23,30,21,5,46	92902.67346320354:36,90002.07480519774:51,87772.54532467548:1,87534.14528138532:27,85522.68303030309:10,85085.613939394:14,84419.88467532472:39,83341.18619047628:42,80131.13415584425:23,80089.83952380963:30,79801.77761904767:21,79177.7451082252:5,76838.0657142857:46	11,0,38,30,42,47,3,15,17,22	4516.900792207793:11,4462.816:0,4266.862852813862:38,4209.197770562779:30,4186.150069264066:42,4081.045742424244:47,3607.6992121212143:3,3348.6631688311722:15,3221.243064935069:17,3170.8026277056265:22
539.0937	539.228	1	0	51	99,110,111,114,110,112,96,91,105,97,97,99,95,91,94,96,101,98,93,96,92,91,94,98,101,99,93,85,93,96,100,100,85,97,97,92,90,101,94,97,93,94,102,106,99,95,103,108,96,95,89,84	49,12,45,42,4,16,0,39,24,30,28,36	9369.60704653685:49,9131.397458874471:12,8952.740281385291:45,8448.114692640685:42,5877.584917748915:4,5464.186653679655:16,3801.144:0,3403.5106060606104:39,3342.3967878787953:24,3334.8756060606074:30,2681.123090909092:28,2317.8568961038964:36		
550.1549	550.2719	1	41	51	96,104,108,101,97,105,110,98,97,90,85	48,51	14480.35614718616:48,13174.442240259581:51		
577.0561	577.1878	1	0	51	102,114,115,118,114,115,98,93,107,99,100,102,98,95,98,99,103,100,96,98,94,93,98,102,104,101,94,88,96,99,103,103,87,98,98,93,93,105,98,101,94,97,105,109,102,98,106,111,99,99,92,86	36,10,41,0,21,31,51,5,26,16,48	20286.15835497836:36,20003.372640692647:10,19979.398787878796:41,19449.97:0,18737.31913419915:21,18298.073896103913:31,17884.729978354946:51,16413.7006926407:5,15459.352056277066:26,15148.555670995678:16,14918.242337662343:48	17,5,43,46,8,35,51,11,1,20,26,48,23	3443.4073364718674:17,1209.66365800866:5,814.6147640692641:43,607.7344337662341:46,578.958762337663:8,485.1912528138532:35,476.58754285714076:51,418.91714761904757:11,382.73824816018185:1,318.6649814285698:20,302.11638138528184:26,249.91913809523862:48,227.3615523809526:23
578.0621	578.1793	1	0	51	103,115,116,119,115,116,99,94,108,100,101,103,99,96,99,100,104,101,97,99,95,94,99,103,105,102,95,89,97,100,104,104,88,99,99,94,94,106,99,102,95,98,106,110,103,99,107,112,100,100,93,87	40,0,17,24,13,30,8,45,32,50,21	7672.052307359309:40,7532.954:0,7225.240727272735:17,7024.865963203465:24,6107.378127705631:13,5225.115863636369:30,5120.989909090915:8,4750.758523809526:45,4695.186290043293:32,4062.3384350649103:50,2814.3100086580057:21		
579.0484	579.1807	1	40	51	96,99,107,111,104,100,108,113,101,101,94,88	43,40,47	8225.989398268408:43,7398.627:40,7285.467030303032:47		
593.0709	593.2383	1	0	51	104,116,118,121,118,119,101,96,110,102,103,105,101,98,101,102,105,102,98,101,97,95,100,104,106,103,97,91,99,101,105,105,89,101,101,96,96,108,101,103,97,100,109,113,105,101,109,114,102,102,95,89	3,0,31,41,37,11,7,26,20,17,50	139712.8406926408:3,139022.1:0,137237.2303030304:31,134554.5090909092:41,134381.53203463214:37,128787.0142857144:11,127893.27099567112:7,124654.01385281397:26,123843.75670995678:20,123510.18246753255:17,116234.71893939398:50	1,32,10,45,41,6,17,27,39,21	8727.640739177537:1,5758.729389610391:32,5436.207229437234:10,5237.301692640691:45,4849.921800865808:41,4686.302887445889:6,4386.674554112551:17,4367.641350649353:27,4114.9000822510825:39,3886.362030303035:21
594.0803	594.2325	1	0	51	105,117,119,122,119,120,102,97,111,103,104,106,102,99,102,103,106,103,99,102,98,96,101,105,107,104,98,92,100,102,106,106,90,102,102,97,97,109,102,104,98,101,110,114,106,102,110,115,103,103,96,90	4,40,8,49,44,22,12,0,17,30,36,27,34	41034.11151515155:4,39873.702121212154:40,36419.68696969699:8,36302.990281385275:49,35134.839653679686:44,34568.781428571456:22,33526.22900432902:12,32120.47:0,30461.631212121236:17,30011.626406926454:30,29671.875454545476:36,27885.162121212146:27,26723.280909090914:34		
595.0767	595.2292	1	0	51	106,118,120,123,120,121,103,98,112,104,105,107,103,100,103,104,107,104,100,103,99,97,102,106,108,105,99,93,101,103,107,107,91,103,103,98,98,110,103,105,99,102,111,115,107,103,111,116,104,104,97,91	31,41,36,3,0,16,38,25,8,48,21,14,12	43422.81675324676:31,41314.12212121216:41,40957.634155844185:36,40222.83870129873:3,39677.35:0,38235.78034632036:16,37859.80818181821:38,37404.33450216453:25,36451.58402597404:8,34975.73593073595:48,34407.754935064964:21,31228.532597402624:14,30342.591082251114:12		
596.0756	596.2206	1	16	51	108,105,101,104,100,98,103,107,109,106,100,94,102,104,108,108,92,104,104,99,99,111,104,106,100,103,112,116,108,104,112,117,105,105,98,92	29,26,36,47,33,51,17,20,39	10755.363207792212:29,7393.134199134205:26,7363.474545454548:36,6991.358129870136:47,6783.9273766233755:33,5258.8123021645115:51,4552.221062770576:17,4157.785121212128:20,3629.386558441559:39		
607.1429	607.2754	1	46	51	113,118,106,106,99,93	51	11096.759186147083:51	50	21112.44408008657:50
608.1482	608.2647	1	48	51	107,107,100,94	49	4072.031086580086:49	50	23353.688874458912:50
609.1478	609.2646	1	48	51	108,108,101,95	50	3014.4195238095263:50	49	11445.78995670995:49
610.0852	610.267	1	0	51	108,121,123,128,125,126,106,101,115,109,110,112,106,105,106,108,110,107,103,108,104,102,107,111,111,107,102,96,104,106,110,110,93,105,106,103,103,115,106,108,102,107,116,120,110,106,116,119,109,109,102,96	0,30,3,17,11,37,40,13,21,25,44,34,49	160192.1:0,157949.83463203476:30,157032.05411255424:3,154475.60476190492:17,152130.54329004337:11,151740.87792207804:37,151201.85021645032:40,147442.2822510824:13,146721.4645021646:21,145134.84978354987:25,141552.3640692642:44,140119.91385281394:34,131171.45454545465:49	50,22,13,36,41,8,11,45,4,17,0,32,26	11162.392461039002:50,10076.580028138536:22,8897.870294372304:13,8814.434510822517:36,8753.205259740262:41,8752.692640692636:8,8672.883333333337:11,8092.909251082263:45,7260.288878787882:4,6913.83267099567:17,5965.288:0,5439.9263896103985:32,4940.482543290042:26
611.0977	611.2637	1	0	51	109,122,124,129,126,127,107,102,116,110,111,113,107,106,107,109,111,108,104,109,105,103,108,112,112,108,103,97,105,107,111,111,94,106,107,104,104,116,107,109,103,108,117,121,111,107,117,120,110,110,103,97	39,0,17,33,26,44,30,7,14,11,51,48	29019.386774891784:39,28429.06:0,28078.250714285696:17,27354.701168831198:33,25665.521233766263:26,24399.237662337655:44,22399.608614718632:30,21486.940627705622:7,19274.744632034653:14,14882.306991342011:11,14552.358629870116:51,12299.20225974027:48	3,29,7,25	3896.387:3,3347.807244588733:29,81.43774891774741:7,36.17064935065026:25
612.0966	612.263	1	0	51	110,123,125,130,127,128,108,103,117,111,112,114,108,107,108,110,112,109,105,110,106,104,109,113,113,109,104,98,106,108,112,112,95,107,108,105,105,117,108,110,104,109,118,122,112,108,118,121,111,111,104,98	30,1,26,17,34,39,44,7,47,12,51,21	52144.204502164546:30,50359.47941558455:1,48910.57372294377:26,46591.1575757576:17,45870.49030303035:34,45392.810606060644:39,44880.17203463205:44,42459.33450216452:7,34552.75056277061:47,32231.336926406937:12,23319.542207792154:51,23245.2995670996:21		
613.106	613.2565	1	0	51	111,124,126,131,128,129,109,104,118,112,113,115,109,108,109,111,113,110,106,111,107,105,110,114,114,110,105,99,107,109,113,113,96,108,109,106,106,118,109,111,105,110,119,123,113,109,119,122,112,112,105,99	24,2,34,16,12,39,44,30,20,9,51,47	9405.937233766233:24,9218.286093073579:2,6359.566428571432:34,5864.4717142857135:16,5645.569294372299:12,5512.94786580087:39,4653.0543549783615:44,4209.705173160169:30,3572.482151515152:20,2571.544792207795:9,2568.5954080086667:51,1996.0350194805146:47		
667.0848	667.2621	1	0	51	117,131,131,139,136,134,114,108,120,114,119,121,114,113,114,114,114,116,110,115,112,107,117,116,118,112,109,103,113,115,119,118,98,111,112,111,112,124,115,114,110,116,125,128,117,113,123,126,120,117,109,102	0,41,17,32,30,36,6,26,11,4,50,21	80125.71:0,78150.31935064941:41,78072.5194372295:17,77002.59683982693:32,75931.67593073595:30,75791.2036796537:36,73235.11952380955:6,71423.36077922083:26,67962.76653679658:11,66810.46948051955:4,66482.86084415585:50,64879.70086580092:21	7,51,1,17,31,38,42,4,35,48,11,24,20	8760.264570909088:7,6856.0561493506675:51,4607.746903203458:1,4467.064177489185:17,4219.500291341997:31,4011.0410692640785:38,3991.6014285714323:42,3378.7587523809575:4,3301.8938714285673:35,3152.215251082252:48,2413.3226623376686:11,1938.399796536798:24,1221.7687025974033:20
668.085	668.2626	1	0	51	118,132,132,140,137,135,115,109,121,115,120,122,115,114,115,115,115,117,111,116,113,108,118,117,119,113,110,104,114,116,120,119,99,112,113,112,113,125,116,115,111,117,126,129,118,114,124,127,121,118,110,103	0,25,36,32,50,30,4,13,21,7,18,45,43	28633.42:0,25462.25393939394:25,23352.631774891794:36,23064.483506493514:32,22815.961742424453:50,22434.133333333342:30,21300.63645021648:4,20702.48796536797:13,20485.776363636378:21,20331.89281385282:7,18903.471904761922:18,18818.57350649353:45,18081.047792207803:43		
669.0874	669.2561	1	0	51	119,133,133,141,138,136,116,110,122,116,121,123,116,115,116,116,116,118,112,117,114,109,119,118,120,114,111,105,115,117,121,120,100,113,114,113,114,126,117,116,112,118,127,130,119,115,125,128,122,119,111,104	12,41,17,26,33,30,4,36,0,21,49,7	26925.42129870133:12,25414.90294372297:41,25165.06443722946:17,24629.30532467534:26,22944.94290043291:33,21936.874112554135:30,21662.00004329007:4,20639.574805194807:36,20284.11:0,20104.66296536798:21,20091.54012987015:49,19087.85441558443:7		
670.0921	670.2519	1	47	51	129,123,120,112,105	49	4502.721069264067:49		
684.1102	684.2936	1	0	51	122,136,136,144,140,137,118,112,124,118,124,126,118,116,118,118,119,121,115,119,116,112,123,121,123,116,113,107,117,119,123,122,102,115,116,115,116,129,122,121,115,121,130,132,120,116,126,130,125,122,116,107	26,4,12,30,36,1,17,34,48,20,45,41	80151.50493506502:26,76777.68450216459:4,76547.60515151522:12,75335.33848484854:30,74304.29688311693:36,74202.5324242425:1,70001.9255411256:17,65561.30506493506:34,61115.852770562815:48,60375.384718614725:20,59502.59874458879:45,58576.29285714291:41	46,38,50,22,27,16,4,0,36,6,31,42,10	5915.162818181822:46,5849.145727272729:38,5527.8227272728145:50,5262.476476190476:22,4820.898805194811:27,4000.329632034632:16,3763.6594454545466:4,3725.487:0,3634.835917748916:36,3322.3321991342013:6,3128.8131558441582:31,2186.9912614718583:42,80.13632034631885:10
685.1104	685.2942	1	0	51	123,137,137,145,141,138,119,113,125,119,125,127,119,117,119,119,120,122,116,120,117,113,124,122,124,117,114,108,118,120,124,123,103,116,117,116,117,130,123,122,116,122,131,133,121,117,127,131,126,123,117,108	30,34,4,20,41,11,27,48,0,17,7,51	24924.034805194824:30,22548.709307359317:34,21528.129004329006:4,21508.884329004337:20,20553.514805194813:41,19979.52253246754:11,18193.795194805196:27,18144.874675324703:48,17743.71:0,17134.1193939394:17,14790.457229437246:7,12447.413885281481:51		
686.1129	686.2873	1	0	51	124,138,138,146,142,139,120,114,126,120,126,128,120,118,120,120,121,123,117,121,118,114,125,123,125,118,115,109,119,121,125,124,104,117,118,117,118,131,124,123,117,123,132,134,122,118,128,132,127,124,118,109	12,4,26,30,20,41,36,8,17,48,51	28629.850606060623:12,28491.204891774927:4,27759.392294372326:26,25667.843116883127:30,25501.395064935074:20,24067.20995670997:41,23641.312121212137:36,22766.822077922097:8,21766.30597402599:17,18708.97809523811:48,16406.672976190483:51		
687.1175	687.2826	1	35	51	118,119,132,125,124,118,124,133,135,123,119,129,133,128,125,119,110	36,41,48	8224.495545454532:36,5674.284515151524:41,4382.015539610356:48		
741.0947	741.1147	1	0	51	127,141,141,149,144,141,122,116,128,122,128,130,122,120,122,123,123,126,118,122,119,118,129,125,128,121,119,114,121,125,128,127,107,119,119,119,120,133,126,127,121,125,135,137,125,121,130,136,131,127,120,111	26,1,30,17,21,40,11,42,7,4,36,50,47	169910.93160173178:26,156820.5432900436:1,153936.96406926413:30,147111.98095238116:17,143960.45454545465:21,143678.9645021646:40,140715.0554112555:11,140026.25281385295:42,138853.13679653697:7,137537.3229437231:4,135678.48398268403:36,128709.08489177484:50,100429.74155844162:47	11,24,29,0,34,7,46,42,4,20,15,37,39	17544.928268398286:11,17207.837077922082:24,15208.65820346322:29,14425.03:0,6156.163896103898:34,5784.484878787879:7,1372.6445974025821:46,1330.7643506493514:42,322.4053463203427:4,274.67651515152073:20,164.4046753246723:15,136.14150649350336:37,50.79253246753374:39
742.1031	742.1231	1	0	51	128,142,142,150,145,142,123,117,129,123,129,131,123,121,123,124,124,127,119,123,120,119,130,126,129,122,120,115,122,126,129,128,108,120,120,120,121,134,127,128,122,126,136,138,127,123,131,137,132,128,121,112	3,14,7,47,28,36,34,40,0,24,21,18	57674.66515151522:3,57341.35138528145:14,57252.97757575759:7,56915.62432900435:47,53958.712987012965:28,51561.55502164505:36,50422.08298701302:34,48707.59311688312:40,40152.08:0,37380.87987012994:24,35746.03913419914:21,25866.970562770606:18		
743.1027	743.1227	1	29	51	127,130,129,109,121,121,121,122,135,128,129,123,127,137,139,130,126,132,138,133,129,122,113	32,40,44,35,51	64269.286103896186:32,60285.272077922156:40,56497.85541125545:44,54745.52744588746:35,49898.42341991363:51		
758.1176	758.1376	1	0	51	131,145,144,152,147,144,125,120,132,125,132,134,126,123,125,126,126,129,121,125,122,121,132,129,132,125,123,118,123,129,132,131,110,124,123,122,123,136,129,130,124,128,138,140,131,127,133,139,134,130,123,114	17,26,30,21,13,37,4,1,40,33,50,8	131051.05995671:17,118075.84523809534:26,113267.17943722948:30,111641.12593073602:21,111513.47913419924:13,110850.92380952385:37,109806.98116883126:4,109205.02402597413:1,100105.57025974033:40,99683.55670995681:33,97643.58530303041:50,90631.66272727281:8	12,25,2,21,17,32,29,45,8,35,37,41	20691.811709956728:12,15448.449567099575:25,13078.804264069257:2,10990.368354978382:21,1838.836147186153:17,1415.6396861471865:32,731.5819554112519:29,588.2375599567041:45,283.3309523809595:8,51.437885281384276:35,8.779523593073598:37,7.873279220779418:41
759.1272	759.1472	1	0	51	132,146,145,153,148,145,126,121,133,126,133,135,127,124,126,127,127,130,122,126,123,122,133,130,133,126,124,119,124,130,133,132,111,125,124,123,124,137,130,131,125,129,139,141,132,128,134,140,135,131,124,115	21,34,0,11,42,4,27,31,47,51,18,7,14	50604.40528138532:21,47972.657705627724:34,46771.53:0,42735.74034632035:11,39873.08932900437:42,39462.22822510828:4,37347.693896103905:27,36578.7064069264:31,36302.463982684:47,33136.90082251064:51,30321.38346320347:18,29773.011038961078:7,20448.00560173162:14		
815.117	815.137	1	0	51	135,149,148,156,151,147,129,124,135,128,135,138,130,127,128,129,129,132,124,128,124,125,135,132,136,129,127,121,125,132,135,134,113,127,125,125,126,139,132,133,127,131,141,143,134,129,135,141,137,133,127,116	11,4,0,50,31,26,45,17,7,41,21,35	72856.842943723:11,69782.89411255418:4,68589.86:0,67548.61417748927:50,67307.19484848487:31,63774.98852813857:26,60207.38367965373:45,58817.64792207792:17,56858.7390476191:7,51737.30536796542:41,51212.308571428606:21,50518.25142857148:35	33,49,4,25,21,1,37,46,29,8,18,39,12	15441.72910606062:33,14099.24573593072:49,3441.279870129868:4,1095.1026060606052:25,553.6137692640696:21,504.6854816017337:1,390.40044372294005:37,378.2441558441654:46,375.05802207792755:29,171.4511634199107:8,21.13029653679707:18,10.544993506493311:39,1.9455465367965008:12
816.1176	816.1376	1	33	51	128,126,126,127,140,133,134,128,132,142,144,135,130,136,142,138,134,128,117	37,42,47,34	33587.08337662336:37,31987.35580086582:42,27550.88155844157:47,20185.216385281645:34		
832.1344	832.1544	1	46	51	137,143,139,135,131,119	51	56852.45696969687:51		
421.2806	421.3749	2	44	51	50,48,47,47,43,44,41,40	47,51	17540.841363636373:47,13647.357803030292:51		
421.7917	421.8722	2	44	51	52,50,49,49,45,46,43,42	48	1307.997095238116:48		
383.8171	383.8977	3	7	51	24,25,25,24,23,21,22,21,28,26,23,24,25,25,25,24,26,24,23,25,22,23,23,25,23,22,26,23,21,23,24,24,29,26,25,23,26,27,25,24,24,24,25,23,22	22,30,27,37,40,34,17,48,51,13,9	68707.25575757578:22,50254.64614718621:30,50251.089177489215:27,48005.62575757579:37,42399.18341991345:40,39102.805670995695:34,34679.17645021645:17,32922.475670995686:48,30953.01188311685:51,17279.516168831175:13,9574.651915584447:9		
384.1525	384.2372	3	46	51	25,25,25,26,24,23	47	2453.998971861492:47		
868.645	868.665	3	48	51	143,139,133,121	50	29853.49703667811:50		
371.0095	371.1561	4	0	51	11,12,13,14,11,12,10,11,13,14,12,11,10,11,10,12,12,10,11,12,12,12,11,13,11,12,13,11,12,12,12,10,10,10,8,9,12,13,13,14,12,12,12,13,14,14,13,12,13,13,11,10	4,23,29,21,11,44,0,47,33,40,17,15	675453.9813852815:4,673084.9946233776:23,657720.7610606063:29,613762.8819913417:21,501290.2164155841:11,490216.4293863646:44,382040.3:0,38987.78917174219:47,13649.240658008444:33,13142.629272727567:40,13121.694361472162:17,12235.818590908882:15	1,12,5,29,43,23,15,8,40,20,33	419844.90323593304:1,12106.51675324677:12,9834.436255411112:5,7026.602246753256:29,3065.775844155822:43,1146.2256147186154:23,348.73961038960397:15,197.96926406926906:8,67.2319264069281:40,43.749069264070364:20,29.390389610389068:33
372.0437	372.1524	4	0	51	12,13,14,17,14,15,13,14,17,17,15,14,13,14,13,15,15,13,14,15,15,15,14,16,14,15,16,14,15,15,15,13,13,13,11,12,15,16,16,17,15,15,15,16,17,17,16,15,16,17,15,14	1,23,21,29,43,5,11,49,51,37,15,17,33	164760.9330519482:1,90662.02017316029:23,89958.72387445887:21,85984.59173160176:29,79535.73021645016:43,73298.33445887447:5,72171.95227272723:11,9982.719664502176:49,9653.648207792212:51,5509.613025974025:37,3519.991506493494:15,3297.1378653680135:17,1523.6339393939086:33		
393.0398	393.1184	4	0	51	31,35,34,37,36,33,26,29,33,33,30,31,29,30,29,37,35,32,31,32,32,34,33,37,35,37,35,29,32,32,34,32,29,39,36,31,30,37,36,38,37,34,31,35,34,33,33,33,31,32,30,29	51,9,36,19,44,16,41,5,47,12,22,30	11496.140400887498:51,4281.232695640695:9,1858.6733988766252:36,1712.8774764069267:19,1155.0117365800875:44,1053.6167110389629:16,603.4185127467542:41,389.2137127705631:5,212.6747811255441:47,203.84640223419606:12,131.06926311688207:22,99.85331406926417:30	40,34,31,3,37,28,6	4.247493935064843:40,3.391167701298701:34,3.0716529740259793:31,2.173166:3,0.2169160606060606:37,0.11246227272727556:28,0.047038225108224245:6
428.8413	428.9376	4	0	51	46,54,56,59,59,55,46,43,51,47,50,52,51,51,49,50,55,49,48,49,51,53,51,54,53,54,53,48,51,48,49,50,48,59,56,49,48,56,53,56,56,53,50,52,54,52,51,50,46,47,44,43	34,8,30,1,6,22,16,48,45,40	32507.483030303043:34,32393.18904761906:8,28977.76640692644:30,28762.29448051953:1,28361.267272727284:6,27893.470562770573:22,27726.893246753265:16,27357.451298701315:48,26802.726991341984:45,26737.79541125544:40		
430.8318	430.9382	4	0	51	49,57,59,62,62,58,49,46,54,50,53,55,54,54,52,53,58,53,52,53,54,56,54,57,56,57,56,51,54,51,52,53,51,62,59,52,52,60,56,59,59,56,56,59,57,55,55,53,49,50,47,46	26,33,4,7,45,21,42,18,37,48,51,10,0	62038.16590909094:26,49199.92128138536:33,32563.541038961088:4,31668.934761904762:7,31223.398160173172:45,28957.845194805217:21,22561.512705627727:42,13355.635562770605:18,11538.725541125554:37,7863.49605627706:48,5327.207480519275:51,4642.385722943709:10,3841.472:0		
431.8466	431.9293	4	46	51	59,57,52,53,50,49				
432.8312	432.9334	4	42	51	63,66,63,58,62,60,55,56,53,52	51	30815.666666666773:51		
445.8831	445.9739	4	0	51	58,66,72,75,73,71,60,54,68,64,64,66,63,61,60,62,67,64,61,63,62,62,63,66,70,69,65,57,65,66,65,67,59,70,71,63,62,72,64,67,68,66,71,74,68,60,69,71,64,61,56,54	9,30,3,34,27,20,43,49,13,39,22,16,0	15611.442770562782:9,12694.916883116895:30,12204.958051948059:3,12037.058982683982:34,11489.445930735932:27,11276.867151515158:20,10978.593744588748:43,10778.312283549787:49,10662.794826839836:13,9791.608549783561:39,9342.677147186154:22,9187.723896103907:16,8842.51:0	41,25,47,6,0,32,36,51,11,18,21,14	4737.780099567103:41,4391.610629870136:25,4124.021216450222:47,4065.6120714285744:6,4059.301:0,3853.7018722943767:32,3768.6045627705616:36,2976.2966839826904:51,2927.315757575756:11,2755.904917748919:18,2553.5456969696975:21,2290.4779826839845:14
447.0532	447.1746	4	0	51	60,68,74,77,75,73,62,56,70,66,66,68,65,63,62,64,69,66,63,65,64,64,65,68,72,71,67,59,67,68,67,69,61,72,73,65,64,74,66,69,70,68,73,76,70,62,71,73,66,63,58,56	7,35,45,30,47,0,33,25,4,51,19,12,41	8719.604696969705:7,7970.855740259749:35,7924.486632034637:45,7881.440103896105:30,7773.640493506506:47,7458.175:0,7217.39562337663:33,7167.753251082257:25,7128.953982683979:4,6713.491510822453:51,6713.398398268403:19,6586.001854978354:12,6540.643229437233:41		
868.645	868.665	4	48	51	142,138,132,120	49	55380.84690476197:49		
