3081.259584808162
2713.628437299652
1229.7872007305518
1129.2751481148161
1006.2383151950362
967.0479640680279
822.478600248292
657.6409452238784
605.3541193670903
599.8731235009695
563.338783516851
505.289640487357
473.439758338195
451.3782839133236
426.5638669073147
378.29081342163164
327.6993947800012
299.14762962195596
288.5814207704231
279.7378403484053
269.6035734458354
269.0318790177404
265.95361762117903
265.3078208755234
258.384646946004
252.71681638564002
250.98783930011066
238.89669841325764
210.29364895021573
205.3096247442849
205.01047274334485
188.44666131502964
186.50677382387548
180.8893220224636
176.72432147476877
166.55930720584252
165.06047345884954
162.4166293619521
155.2226692150848
149.03904379083193
148.43358862568897
141.98336763185947
135.61212084084917
131.0491272844167
127.45998526653723
126.74809402186081
120.3445349163285
116.00770351109536
115.62441012769303
114.77702332907938
112.77191062043003
110.05809301544818
104.81266818028557
101.211868584396
100.87090525284214
99.61638131852759
92.8642043753075
91.84611140418554
87.13779800380357
83.48134515287819
76.9821411919682
76.79947328755067
70.97399094078445
70.52978603067255
69.64539481747903
69.19439714066775
66.7522585024632
65.05542257831068
62.012788756961626
60.333885986095076
58.45440411234794
58.40526008850083
55.69385697673617
54.54629189169007
53.051728129445756
52.94381990490129
52.516954943321586
49.99351777814839
49.44184012145203
49.32158176231157
46.81017589910465
45.717020834573276
39.72041693008147
39.255267742106774
38.17979829557074
37.94299222807354
36.134059208713865
35.820219475977254
35.70337526858617
35.299246067100114
35.11133212381506
34.97594872586908
34.193226122581166
33.95131700083384
33.175896652016235
32.1576154313786
32.132667324724004
32.04552760719474
31.721754154939433
29.428385805128386
28.55229405156286
27.64804336922937
26.17116269710049
25.934964206564608
24.95517715716608
24.0068130785844
23.03622437776127
22.656774408250854
21.03186257865959
20.91391866619227
19.040928817697413
18.728626152161734
18.26494823827798
17.7975387490994
17.715449490876956
17.674399731758996
16.389455031877404
15.992685425436214
15.977381170431755
15.241485140719895
15.229826624338102
14.459011748528736
14.451860625915273
14.369236475215164
14.065665510043125
13.429639123157486
13.242592878673584
12.925546667079825
12.718962395649207
12.157333350143592
11.837951300387145
11.767761213435126
11.630298780775446
11.484693975568895
11.04047716899808
10.967899413021247
10.849646036921271
10.443742991424019
10.236399997607045
9.634610817945424
9.415379771425322
9.00563600183707
8.899189300139952
8.65721172691849
8.470827907344493
8.378161223591567
8.045148218867629
7.702936393448603
7.674880917214913
6.901126332618566
6.094092931323103
5.706241238792244
5.652583013378888
4.250754939052616
3.361605204309378
3.148139113288054
2.711634674031414
2.6079776803388874
2.581012276437492
1.942318703832535
1.8460251041284548
0.3947850045103198
0.3882016614691591
0.35920077509770876
0.31110200179651737
0.3033080723978707
0.293003113191961
0.2863782121382177
0.12262460967045248
0.1094635088143715
0.053098246234198676
0.034978606505866955
0.02551179322604931
0.0019405934242225779
6.359155972018196e-12
