2990.9038949227925
2683.6691670074097
1209.4332359890293
1068.630300341767
972.4664556870471
932.5311741370173
817.8610770522941
676.4734924505698
628.3624836064748
569.6355564948785
516.0340767032336
428.1540213721854
385.783720634538
370.5534918186159
327.7942344718242
323.3459154656695
318.2770353999901
288.2632673690857
261.5253293613327
259.54886752950785
258.4843593251308
255.5707930140392
253.4664206240491
250.13560056844253
240.9020224464809
238.43962014932
223.69913261390622
193.8995930129293
190.99844771489188
183.92927633494804
172.48235103602505
172.00218268634447
165.4790345444298
164.0729441173333
163.4183445635045
163.0903431757075
161.61420586530312
156.2049127803921
155.85310205800164
154.61380343704135
152.44102920721048
152.2071926183915
134.2379741169577
130.31489082112546
119.99217138701023
112.65730796590344
110.8802921380696
108.7953461969465
104.85289111636726
100.60306460451768
100.17429476816778
100.15490160400492
97.14424810348312
96.66704454182785
91.30853540654722
83.81188925761512
81.35410578626241
79.84104288274264
79.29591651458921
78.09986967626348
76.40412446819902
75.65159592987808
75.59677266109699
75.07634205112353
73.58351935287563
72.98408292970852
72.29333881376945
72.25759097999841
68.645021882112
68.3950951115626
64.58474363156046
63.820717556200684
58.76380559997219
58.343736479146834
57.65606945461832
56.52983463373801
55.3439718180407
55.02717900441661
52.61666430554497
48.24525882910189
47.7260293376893
46.36529559721119
46.063120964617156
45.57804607922208
44.7100287234301
44.320416071257476
42.92123487858732
42.862031218783585
41.976366471242166
40.667210326322895
40.19147852060563
40.06553641524631
39.534028609547896
38.48376401650446
38.22028715091787
38.078897602793155
37.27283855376215
35.22561501240984
34.97367314927608
34.92036803122208
32.45059592965492
31.197913051416517
30.12711079143152
29.364717394417664
29.347550398852693
28.82659942934438
28.375220328405934
27.474851838418292
26.981241796485524
26.862668485066408
26.748360025753367
25.771066473569938
25.630476179690877
24.823158605709924
24.559894819844576
24.27998937625994
24.126310892962646
23.742986872284824
23.32717902771746
23.06877196368803
22.967556410480835
22.91906613996901
22.57780788810805
22.39099420736372
22.17452119818448
21.9229988209274
21.469782647429476
20.55400667898374
20.078370419255315
19.52228782413005
19.455782954262816
19.07887540473784
18.4515797891738
18.0281993512768
18.004387812268966
17.497109864598453
16.850900780858094
16.718370036156806
16.394985654356507
16.210905400966666
16.10564759585404
16.011654799837796
15.851510130289435
15.785198560228373
15.755133803530018
15.718646517790923
15.427430765466125
14.716474229213981
14.65948310983493
14.269375371528218
14.078840751892203
13.772803298691665
13.736610532657492
13.289166503761093
13.076987930313992
13.019133261872499
12.956593307773401
12.664062056407468
12.476687616575234
12.25463827655971
11.920152671411664
11.851421573439595
11.719535138156212
11.686073152049929
11.510347383056247
11.389456292428376
11.32629129107764
10.728308018210683
10.080961862459604
10.07638543306313
9.997382558998257
9.613237267100759
9.481151486266713
9.101086733479255
8.413999446932657
8.04957332638395
7.894865340664497
7.873221781662628
7.744265364020582
7.591526695927116
7.42156711279196
6.440571763971772
5.8743445315933664
5.590710557094999
4.869188548302864
4.849569259697258
3.5529265918211634
3.17116174955396
2.9890195623904505
2.7924740888574617
2.5691273720323498
2.3186112140317086
2.2051106083853393
2.0286369583534114
2.0227705530406372
1.4026133044296472
1.282593990500709
1.175055530587335
0.9027522739988703
0.7931703463392258
0.5260533826119853
0.4637568977909958
0.361342448158178
0.3457360935470251
0.14302645471206968
0.10159740764925422
0.016845254463730253
0.010393493460782988
0.003910792236885477
0.00368380232204791
0.0016905414152175932
3.0515277248844265e-10
