3651.999917057422
3335.9084333235537
1497.440183336356
1313.247106854357
1107.731790498024
1060.7693796887077
987.2260336514861
823.0796345353358
707.7679138395691
706.1653359278181
669.1841412873711
464.5352880619706
458.93670352525635
427.49433426728626
381.2477998413641
377.9251887866852
366.4072643235786
346.0476041986721
322.0695408402199
312.79879640441453
308.09262098913376
307.1251633174444
299.81351303877545
283.78431632268786
283.0427845478178
282.36142216565815
220.34522208553764
202.82294569563584
196.6794763059881
195.1096665359651
194.50990765688505
193.09198803535222
192.9277813977094
189.7886342132871
183.1777415520416
182.5830191747663
181.8369749773246
161.4991776100982
158.76378740377416
149.8431494049714
145.2433532671487
136.8156205004631
130.46545583193281
115.25776756200347
109.5860882584515
109.3871484440492
107.25045155163163
105.8375692421414
104.57964384159753
104.45335791949233
101.86500575649589
100.78442785521693
92.27949191100413
89.05882144658375
84.90662677475797
83.84555673969523
82.64702463794103
82.05442556028362
80.4504055559364
79.51857113056023
77.54738863667497
76.19316111589798
74.17620862499257
68.87515786502192
67.83938233366055
66.1641121721712
64.95919760038763
59.63616909568692
59.321516087784154
56.61921806714435
55.06655360439587
53.50074678780058
52.369688172418215
51.432398608801165
51.42863733847521
49.53049509941097
49.512584791361206
48.9472007326617
48.370245404184246
47.08082228124197
44.28436801536335
42.96505596443921
42.489146201125195
41.612548750146146
38.81128594549568
38.33006726702213
36.19802238292832
35.34436780245417
34.92829675962079
33.13133750144732
32.704110499035686
32.56662824562057
32.16777635434346
31.782479344928863
31.676651507141397
31.58526525088147
30.66579074470035
30.5121028396036
29.914909695874243
29.731260235064447
28.632103155490995
27.509032475535548
26.252417477912687
26.243976450874253
25.39211879532215
24.880810621966205
24.112917613821082
23.18185734541039
22.40729561189157
22.006317750547943
21.243050819758853
21.060274565865164
20.85109317652431
20.717413728741306
20.664308309344744
20.571347426610767
19.711966453061915
19.4229850685944
19.31932888402523
18.873047847889342
17.91056154559884
17.841654463874207
17.373420787628202
15.644441709219679
15.133115302112007
14.532242274783997
14.224841668588503
13.192015424984751
12.122052682593056
11.701172863774294
11.687250646799649
11.41723497865117
11.185466663558636
11.044790972325012
10.592225341111963
10.325449492246094
9.360361471105591
8.059365835450704
6.5942423937696555
6.502705422309571
6.382169804591897
6.369725144520857
6.196821404025961
5.905173108516796
5.852277420578482
5.835269196067074
4.705603102499731
3.5444107174782653
1.967764833343997
1.9259711003843007
1.377053746661085
1.3013824389652922
1.257462702493367
0.9036242961043737
0.6957008213607669
0.17449683382891243
0.1728474718848109
0.0011636787173822355
1.2952885795456624e-10
