4714.701159905671
3506.399640981037
1531.2950950835402
1524.4066124089186
1340.7954068982776
1239.8692827792047
1098.2293973716771
1055.021354351559
1001.1715192699165
781.3512852252377
728.0590734167668
483.2667998392537
481.0026014655719
422.4995968281966
392.52498826250815
368.39324948406414
362.19726612486363
353.95641918240875
316.463894593895
315.77890915827646
293.80547497257413
291.89281128076095
288.46490567389515
270.2340461771867
258.4378018721329
256.2219635291965
252.70655129239137
251.6770359975172
229.63165694164707
219.80346818593077
205.32602369625064
203.05935956077457
180.50985157941292
175.14759546416965
174.1982739739468
168.72682914759574
167.68094780257053
166.27117304421077
159.00843018299747
149.62344901205023
139.32410309098154
127.98808567070101
125.31810886537257
122.73594953840747
120.51581762256001
119.03358019105237
110.94946843207576
99.8850284361983
94.48710784582573
94.40508134690987
93.71292752491414
92.63549689315845
89.30858338809743
87.74005179031559
85.75418953349656
85.12243664963663
84.72315104511237
82.64249635497187
80.25287343666422
78.08870755562306
77.8199236855673
76.33183084371582
74.62992166005978
72.62057445618423
71.07601213783458
70.45516203198855
70.27945481774694
70.17008705000515
66.68919007216999
65.98067285082995
64.7441466674603
60.98344920167922
60.68553626764886
60.677794854083054
60.2654214257442
59.298585215836994
53.2220516960306
50.23284562459212
48.581179478569545
46.69826527960538
43.84442608096228
41.73265615815231
41.67749994716613
40.63196283845743
40.54490890765356
40.134224972834105
38.21760961809638
36.99428738139064
36.95270274123922
35.77290062266273
35.55512783265926
35.3762171090276
34.41529425416737
34.27478117761419
34.03721443994557
33.9386332009038
32.755801108484874
32.650349879240814
32.28152328778205
31.86360035787319
30.960565211368657
30.370306811252433
29.810745268010464
29.51150949509915
29.108279973099375
28.632441738501846
28.376338730907833
28.342363769592495
28.0608718071573
27.477864461987245
26.638404106497866
26.52561171457429
25.437343736204287
24.650592770619742
24.532911696403698
23.493586238895215
23.410118575076204
22.993192891851294
22.860981618059565
22.744454961723637
21.626087624148127
21.47200815959406
21.06858710480988
20.75828919443466
20.57183007942062
19.693226452962456
18.43291994229637
17.943912922307486
17.42668737271174
16.451213982348886
16.26603901907199
16.037761546032808
15.269764824366092
15.201386423412513
15.133879767405716
15.1263255692935
14.386799326891577
13.87834996719483
13.427201008539102
12.86132410356704
12.713159010035776
12.431308668556143
12.284585770165286
11.866534798144322
11.533407399084831
10.180095598952333
9.840826955421868
9.411294859063412
9.368246865382618
9.169006447711205
8.377613358739033
8.228459658052687
5.390253262194076
4.891263531518855
4.421273219754684
4.403512470963176
4.285554996768401
4.066209405600649
3.6257291712951187
3.0730459356899265
1.814834875567547
1.7574124389677934
1.4377658360454326
1.2757381974965278
1.2405455813378603
1.2195740561274717
1.130390172158169
1.1251579730643908
0.8518485285166038
0.21085736811920192
0.17684389396744116
0.1755434218565717
0.16261146690693432
0.08897310608089654
0.0713303331841124
0.06756720599327702
0.049956289598989255
0.04536027729860548
0.04536011971267743
0.02818102013175575
0.003472432499350195
0.0006264942933058678
0.0002995788870493555
0.0001258754571295078
5.0820561779671255e-05
2.6711226271961995e-05
1.161611066189596e-05
1.1373865729613126e-05
1.0074359700170728e-05
9.772524524735578e-06
2.910246089127834e-06
5.71423296728173e-12
