3023.799433986791
2740.628037554858
1321.9653477953739
1110.983576342583
947.8625838408618
928.068547156156
824.12934759336
687.4089196173586
632.3281340747435
622.2272775815337
598.5034816595751
436.7448577540831
431.8455144517845
357.80055082540684
355.1257093943104
328.9309933319518
322.528772707667
288.293041056423
285.18086979768606
283.6592879856717
274.6067596611447
267.4570442440961
267.05405518262756
259.73599599783347
248.42299908599688
234.470651722649
215.30547038427343
202.61415166340876
189.56282038500927
186.03801595151154
176.05239766605115
174.6768985637425
170.61644335649248
156.28963269540174
151.85918035953668
149.02881380079958
148.70527981298076
145.49970647422373
145.4043019239327
141.00183189757806
130.1823177925344
126.99421741933325
126.0993770457044
120.44251801739046
119.9383227622432
119.04014142285533
105.39246316822015
105.0001530978122
101.71516918952491
97.32558757986989
96.49934114453798
94.09687334086378
91.58266097331492
89.35202788444929
88.63987355480386
88.2931428316416
87.20451986651551
77.67461294794865
76.98635754250579
76.65855132532617
76.59094969632498
76.50528182755721
74.4629754617473
72.7564268455864
71.71376353801223
69.25672171726333
62.01844865975249
59.979188767250164
59.274168835207945
58.07780501624174
57.709561024828645
54.51092409393191
53.620671076407326
52.01515858951401
51.447027307134235
51.19712921366468
49.291450154594735
49.09603615140653
48.21785610807445
48.202102917991866
46.35119517620114
42.65568886424817
41.07007769252317
39.79485460458571
39.5031743967605
38.707494381817284
37.11254560541589
36.75050376015587
35.73590366987448
35.1573877837149
32.2893960628934
30.045462725446477
29.84006564877005
29.792999853237667
28.95714831441968
26.770171490830908
26.765396112334408
26.41820078377127
26.298168559343676
26.016033667298004
25.9751307021436
24.77835829211405
24.58392419895842
24.40184219999712
22.77048632861409
22.545023670078997
22.327345982495974
22.3043397916536
22.137403386175016
21.857800309125622
21.612395446993006
21.40981868744716
20.84940833331499
20.09405729940243
20.026465712337302
19.644814257385764
18.980019487110866
18.732828412517932
18.631308585351835
18.451295348823294
18.45000841149985
18.13368074378122
17.996463263498246
17.46035450265678
17.3741309273077
17.29228175112756
16.484103844704254
16.296072385339016
16.125133822413655
15.21631806021827
15.024535429308603
14.774887880428754
14.576999897325578
14.50545009556343
14.00422021035663
13.280421485387851
12.967907020683919
12.65839148881811
12.012720499720274
11.860218736148278
10.374931197388568
10.226953162304959
10.113929722109706
9.90976011830534
9.883918926226162
9.728970468341098
9.524788681293254
9.394276835567611
9.305700956301823
8.423454242936957
7.2022766477308044
6.590010831858279
6.517502826968909
6.059777701592021
5.671915035626788
4.997532468425017
4.952530332739684
4.06448244142914
3.378319490268448
2.6069667040007847
1.6257474454478114
1.583031125433252
1.4205393136366267
1.3778148359508466
1.370508848178238
1.3084233151343767
0.4981998007128484
0.3803279998056098
0.30382051824823547
0.14944691696425136
0.13343838878678987
0.1321789621511235
0.10557423697118858
0.05258161585142216
0.0446911678661123
0.005134424534057956
0.004573313154084323
5.340729959916045e-10
