3519.498108536045
3252.5553023803486
1453.0843573725526
1298.671570792848
1086.9568993127273
934.7157567667107
921.3072654551677
748.5289068409844
693.016903956745
688.2384190778054
594.517937597647
577.5788134154978
410.23712316129127
385.7455043194348
359.4025417316857
352.7550151474392
346.9848257839001
325.36371867568874
323.5362300887819
315.9681669735404
311.689294983433
286.6938451317616
277.18124399965933
272.7398497976136
265.39671468369215
263.510339405172
229.97930424887917
195.75326365719386
182.1028630424889
181.82589160470152
181.6803940802082
177.7197508429921
173.79910370166877
166.223742423311
161.93475299777435
152.27114416010897
141.26817801077522
139.69202776410557
135.15162427348437
131.99756049746068
131.72320415594896
130.86402694943166
121.43144711203051
118.65322913744258
116.25880849845716
111.96593601975722
109.69206887582592
108.59166226649302
108.16350042603275
95.25923498404147
93.74948104403441
93.16931225321959
92.18596316472781
92.08833361967733
91.95308267411828
88.92161711055769
87.22567404355453
85.49862732017624
85.31647783780836
83.83088075925795
79.6530764566261
77.92225274337189
77.21756601433242
75.41182635352284
73.64655521618498
70.6707748364793
66.18352540461375
65.64213141105493
60.72978958009133
60.4255351672622
59.96892606999261
59.95183714077175
58.9417941546268
57.809666040165986
56.22024983661
53.90102008117737
53.67038785759452
53.61924677935793
52.03694188739041
49.66953173756872
48.89858689876647
48.361369797593554
47.29262925499115
46.74619166531731
43.76458790335004
41.638285132713
40.557385768558056
38.910136602965856
38.564231807397135
38.40084276119661
38.115321428455744
35.95178819977633
33.86362460529526
33.4478519713597
33.41598299624048
33.18320860312643
32.95706021766569
32.0272309109492
31.85162203167673
30.89100123035786
28.53608021237643
27.747600202882563
26.493812476626665
25.932417354701226
25.766976348386905
25.602114551923485
25.258835482209776
24.688111669528496
24.66636038372379
24.306768458428454
23.81053743451975
23.195502104252242
21.64811062141468
21.03702532670784
20.4088932051766
19.762000926906843
19.680420061693216
19.15765037698209
19.037146873390096
18.7632325198008
18.425784358281824
18.021755090361626
17.95003589132373
17.080178732585157
16.619201983886104
16.60853604547412
15.706813367084964
15.480438146312666
14.999529596941363
14.948843964764546
14.178272388468887
14.030500431603539
13.513372217836586
13.348434313481468
12.874529084170629
12.528454208241294
12.502833687822745
12.32388354558278
12.274362312355999
12.233551770145166
12.220838902194158
12.175603127409293
11.556688903736758
11.554192693344975
11.475373836648147
11.146745205270449
10.694697752623059
9.635208774430419
9.608853954148927
9.496612870345789
9.491625820711306
8.982723010701275
8.537018503721065
7.995216568125847
7.8451170810988
7.805989943585543
7.781923814405541
7.775576479145063
7.456306056075949
6.957887007496409
6.690775477347465
6.455345329435469
6.201701002565458
6.152976284706387
6.071298620655111
5.778599930768235
5.623891706823681
4.776873020981603
2.3103502860710634
2.161591143886775
1.8476416579446409
0.9518007048960923
0.3486821664292934
0.19489214455398024
0.12505943115917686
0.04502282351957647
3.6181080131270116e-09
