3065.88157346718
2956.6990953668515
1383.2133080882174
1108.1422457698652
980.5876383704414
940.9764579161965
867.5710477375217
684.4364102135976
668.8157018734195
664.521218580255
639.5655219502589
446.6007463436691
424.38214820518937
333.7341447794142
332.24881518307217
326.5595304978576
317.1266472604855
308.91677574976745
303.13126935946406
301.49967613749425
300.6467086041717
281.66333081161486
268.1095251196141
266.8479866109372
266.8325930903215
255.069493915142
254.54460482256596
232.47327476312077
221.02147246006862
205.09433222675997
199.39439063966142
174.8464588367592
173.60238390414563
171.04780842778194
168.29565445449322
159.97416509610167
154.1015867507876
151.4224911377062
142.22901398654716
138.92128460017128
131.5245385241442
125.25448670400264
125.1158996953111
120.45556212741815
119.4155369033514
113.33438722905254
104.3410232833039
96.51676134817178
91.59034458223604
91.30222135094867
90.7727618223412
87.30725105266211
81.73712053711135
76.02517113413685
75.26191845067453
74.7443443915423
73.04789440708088
72.99717813383528
70.99612103563743
70.02740630023693
66.53489006452625
65.60884409374401
64.73738108809039
64.71442602954372
64.66428530637005
64.0410066420907
63.95180531211789
63.76820964013781
57.05097822030522
56.52136073521532
55.61645079054632
50.92351645176646
49.74763399064053
49.55739266402288
49.0612350065448
46.75156365338701
46.391947019527706
41.917651939782836
41.08253974781224
40.76939993251201
40.17373886510779
39.904973610756485
39.460290349213686
39.43970056033628
37.90438401479835
37.4817267794705
37.46225087070621
36.342260221162604
35.85062332346316
35.72494999702618
35.52989743610368
35.03609118982883
34.157107419121225
32.654192615114226
31.640176857854883
30.767168276567922
28.08243171839731
27.58505838138134
27.162353697667587
26.6751125982381
26.570379705214215
26.318259116008836
26.133938875745354
25.3022017279745
24.67795133033274
24.415025750322453
24.340449543820654
22.562687259905292
21.797376516688008
21.779535949353647
20.51689073663465
20.01964164947007
19.768885359842784
19.61244346063397
18.600882509075483
18.538804021827755
18.39950235084559
18.391831916139218
18.29033915985755
17.95938442273793
17.483298728755955
16.908311257124176
16.797563376821394
15.980768719545352
15.90999147167269
15.722005674050859
15.658335339987888
15.582424658519393
15.285824938059076
14.856682040539335
13.873944394588822
13.787728355488253
13.328218256961447
13.293466675855681
12.959372079943309
12.879347349754163
12.507543180673474
12.322138891957982
12.237360630585336
12.080961422503364
11.34276467158357
11.209982247662245
11.089953480071673
10.97427137002291
10.820011840928307
10.433923714445983
10.296188050325314
9.796807602180447
9.689656278327863
9.654704446967795
9.137897577165964
8.682952053368084
7.120074436611092
5.759286300513817
5.472826124749293
4.042287030937017
3.664662726081023
2.05973717052096
1.8061237170027982
1.5623681868104813
1.293830572434366
0.967570011332457
0.5722682320473341
0.5055027612443127
0.40209800061122225
0.3539086871902559
0.19419239524575926
0.12328279742976035
0.1103426606867521
0.08422691056099256
0.004744493915503801
0.004449376621795786
2.4795634238135354e-10
