3511.035892526505
3156.8939438091497
1473.4659996010282
1293.3055400880598
1110.2731717326744
1028.2800020101326
994.0148996221784
801.9509633921332
698.7393913114307
698.1572303700142
627.2608516867544
562.9511712743356
387.97492048147063
387.8734977588107
356.59059642974347
343.2711633543645
329.0240205253736
324.52933939869575
317.2390618355157
314.49286334205357
311.5277213403197
306.1304250765501
302.6409901131398
291.6980086663193
288.40336149258957
277.74189027222417
210.3587055433946
199.1677179004304
197.48016254717464
192.15839144505875
186.62624264951683
182.6055117339141
176.84817475954594
176.58257013827955
169.0677715386981
167.77268810083098
166.74278733431487
159.12150338836057
158.5922416086502
155.7592623214169
152.03751296581828
150.38664095996873
146.7106468278531
143.9449706125181
127.36702309823185
122.88314648459145
120.22742219657103
119.24463134508598
115.21088987538761
112.66335101634886
110.79457455110641
109.97173213396748
108.23089840535597
106.50986433879235
105.62050557402578
95.96715720911958
91.97379668195103
91.0119081462767
88.29598525401366
88.2089187421014
85.54601583478491
85.32619521990674
82.57325442365091
82.17062413552237
81.54855053715636
80.9618216017961
76.29620616538952
75.85698608200744
73.42472085319935
72.95027324054185
70.94570240284465
69.44529129455303
69.32845626664245
66.36297772803789
65.56970431830617
60.11609041151069
58.26943092885804
57.77685905012373
57.36964022401312
56.43063399848467
56.018676401545406
54.64976510488189
54.41513074585065
53.647503132458475
53.62785148502178
52.219248622636684
49.98640576641505
47.79285880129374
46.24818518235816
46.01830353491883
45.89147682885851
44.01294836765397
40.16240480218179
38.453275511073905
35.09994019006373
33.01112582267412
32.66477123634559
32.55041235719508
31.125520549657853
30.66759667370287
29.80392216898903
29.268130862124643
28.9341025858799
28.88755595258448
27.726598335847154
27.672309053743685
27.65866493930785
26.068979737896218
25.143327479949065
24.80212196605177
24.43465803856669
24.362313291925933
23.549794469909337
23.245414136574084
23.221207389332726
22.504232323875456
22.28042666223619
20.722615894436764
20.279303702874817
20.17391423393681
20.134772500323656
20.125124364172045
19.817260832254764
19.07040099306086
18.772682312334442
18.66360395864617
18.061902337993203
18.01052339521242
17.57271327267692
17.266380364159332
17.265272788182827
16.691211982317043
16.28091089678886
16.26896345249232
15.979124251911465
15.609874394727829
15.412695823451882
14.688554821498283
14.354513741120874
14.174264315222185
13.943062310210461
13.87755258414514
13.861297636807423
13.575395314192503
12.918663015656586
12.844506489831254
12.316959416967382
12.302762270961892
11.7570025487149
11.251288802041216
10.525994293507923
9.682375895682904
9.612190265499315
9.257793975357318
8.545420266539093
7.8546100193679935
7.7927575959008895
7.558652407468914
7.472043477136011
5.383948486286855
5.373825779887811
4.082415917794833
2.9521010697571555
2.8171389575551102
2.807160784603537
2.5586288043568435
2.3284509288885484
2.2934254407405916
2.2621522960618585
2.1462206964128057
2.0859962493737045
1.9509404258007275
1.759897051025717
1.571626767951892
1.5701080549668893
1.3159168696624635
1.1310281031311369
1.1277164395059203
1.0898071275434689
0.9933913848366578
0.9818843971175103
0.9749668463461508
0.9148762722917273
0.8768530061513101
0.8703316797242974
0.8605239902511775
0.858415529000658
0.529506200977102
0.2729088295771949
0.27149287899027097
0.27070419493505865
0.24067868935090733
0.20498572602549173
0.1470670949822504
0.09074948789279359
0.02001250616022707
0.017940653236841336
0.004440874001174107
4.364512725231941e-10
