2847.947893669671
2768.622680137916
1260.012328892435
1054.0500513706759
844.0898442502256
810.5896769427123
761.2291749046052
660.6123943761344
614.6832860094396
610.2386693525714
435.82886090457504
416.13932096007795
319.21171143265485
314.46438702112476
310.272340086915
300.8732393458912
291.01433119103825
284.0218053355846
280.3512855713421
278.81378270071014
269.4673340527911
266.6152202925492
236.76999216036984
228.13441143184903
226.76868841729978
223.62095633949113
175.48963163116125
170.51397750214772
166.69270629493383
150.69352062195983
146.75817882886096
145.98983261928095
135.68678810224998
133.50192676333816
133.04948911128548
132.15942628322674
130.2694098216127
129.6325278314303
123.54970260676109
114.6613095768417
113.32146170977045
110.94553384809443
107.47380847938018
107.42364197777667
102.67920432622337
101.67548385933952
98.22100146315782
98.15108357593938
96.93521149258753
95.18372085358888
90.1761793763934
85.83566722009151
85.28783876276083
82.80011641451911
80.62883124513587
80.26258945401192
75.46366201753816
71.14752727535671
70.38189993532598
68.07410359412276
65.1237075891201
64.27720069046278
59.49815813049915
58.596092806169686
58.06277463351083
57.94441098475779
55.920367324013284
52.66733341921098
51.71900202721852
50.73022019511699
50.679722670144905
50.310779263394174
49.8100761838059
49.322046144244624
47.9633724709382
47.73706051037682
43.747354224486166
43.66241392888304
42.81472413910672
40.42708078575226
39.61613054339583
34.214496339877485
33.357915950368145
33.296795408470565
32.825017527946486
32.470657843438225
32.0621284634223
31.88519981575004
31.58134405749313
31.35581826165715
30.337339004170573
29.175776260310695
26.88788941965686
25.800946744749233
25.755607875461607
23.562469539190662
23.291078788601425
23.242382893718087
23.159083947996177
22.85266233425376
22.663992494815215
22.558808112976614
22.121593520003735
21.540275462434153
21.395535744847592
20.791552630804567
20.382445677535095
19.397506913995684
19.199953941566328
18.9074840650259
18.760925375764955
18.727967343727332
17.93927942490308
17.557373502346973
17.098493839149135
17.021724703505438
16.453029350435145
16.255294455222955
15.681401656785118
15.019057558975836
14.953492132412245
14.6090059394059
14.513365616042227
14.431678031522281
13.773924280264628
13.03448762385142
13.016437884439629
12.57688858521608
12.566495903757778
12.526757868864516
12.375205596035693
11.616811681700526
11.602730601110665
11.413908439443768
11.178711490784659
11.039714671415918
11.017529112784606
10.85776192857872
10.10644562106951
9.533528180947528
9.343871950063418
8.679732714152461
8.479785559851067
7.842333598962795
7.678055679792425
7.0378798021151825
7.007269499508311
6.85416571399464
6.61258163795472
6.066512276590553
2.3031735027324762
1.8308320791610029
1.74990048951329
1.7182321247240515
1.5368743757559735
1.1152593332833003
0.4703229633371147
0.43601415163453394
0.15693316595408513
0.15150481495199083
0.13266170548991912
0.12220702496236506
0.12073173527451476
0.08541660487646646
0.015333134761356275
0.003119268834482496
6.339671636971868e-10
