3804.797843385914
3351.0358372025344
1537.9383545686899
1459.65830694766
1169.8813025289296
1079.294740142248
1047.8912944689841
810.1359806431024
726.5127385566057
721.2173248471574
574.4780426108123
436.8517118799901
415.447844251917
389.77395768578407
383.4028979403021
379.8873374305185
378.00932505531426
373.66846074465946
364.01261196402993
332.02839594220495
323.46329438419383
317.75418844016576
309.96703154938183
305.8896948196509
305.07046227132133
301.3193533645773
233.3401083110534
227.6505994371119
225.85594913470257
208.67221132985574
195.19875803268698
192.77154544737132
189.76244038434655
187.61084936505904
186.1917183657439
173.1210017644806
158.46755785480698
144.529287389188
143.90646916379382
141.35176612276334
139.44653351137276
135.04646460996503
128.71954591223374
114.09026162943611
113.71929426084931
112.47457103250679
110.53732842249602
107.20748926404072
104.8398695335302
102.58514436780285
102.13963690926788
99.80681433913854
92.66066112479196
92.10920491131448
81.7782255519779
80.73594137300195
76.61118080877542
76.28297380624015
74.8915164165375
73.90648232524997
70.36371633677555
68.99637343790097
67.09181574456687
66.26892933121938
66.02982358401687
63.8726877171035
63.36509997871341
56.69146922349538
55.78387289287162
54.073768306983204
52.871005609554544
49.16473211501301
49.05079972082392
48.35510744585655
47.4937405256607
44.79388722705609
44.55312396154044
43.06191310464276
41.92889048876251
41.50386857827909
39.688404579528694
39.52477374975358
39.13316931471349
38.98692456367741
38.845024277835954
38.627239601403616
38.22345007734189
36.617009586254696
34.36315594788867
33.71859262383857
33.57812033822101
31.08135881473111
28.5981448625189
27.304920676454746
27.08088358510044
26.53693637305198
26.169836766002472
25.790018107243885
25.335520969320083
25.10637114361801
24.584918105716213
23.566743870542755
22.980964652184348
22.773078027236878
22.084625516121772
21.06471932215487
20.814008298727504
20.695860091855447
20.647380869249687
20.46285176653308
20.16841657267499
20.125534680880797
19.946145398688447
19.857593418500887
19.544246702861162
19.0259263836848
18.9309447583858
18.727026235006573
18.605796262446216
18.092565164185604
16.472078341206327
16.272101953364793
16.06353281435223
14.392758190446052
14.289738125096129
13.744125399286634
13.730731185970027
11.771356188686603
11.711454430702394
11.39537975274522
10.656469552261855
10.202695974498065
10.062677833419365
8.347371262022744
7.7583103189324305
7.698980259362314
7.659823035843467
6.547787121244393
5.929756654315103
5.750536610342975
5.713329839810406
4.752993200712017
3.5042269546806364
3.12570328849477
3.0599795211350056
1.2707841219394809
1.0277776509103511
0.834285963888111
0.7122502641412024
0.6912080713323303
0.5848947319285592
0.396135617821155
0.1645033698388994
0.1399414350554376
0.012155420147665092
3.8983636025778984e-10
