3298.621154113396
2947.3942149073364
1449.559219852712
1217.8724670555553
1014.9228879812237
956.5319915691211
922.951920612258
795.0661174595041
682.6453723596834
663.0346097605711
587.6712286067731
424.71641839059737
381.55202791326957
374.20339418943564
358.5400883561402
350.45730068151977
328.24037800415
320.6006588787351
319.3896910465895
316.201939708741
307.26831770222844
304.6241622874879
297.5907490081486
290.6811832786192
282.696577682267
277.2130103789158
224.8177484470224
195.1878690042216
187.10063918593852
184.3861843378869
183.10225418246407
179.33204112343813
179.01554661736034
176.39244472058806
174.3054130261806
173.9980941532437
173.8807992925856
169.99320978522124
152.29740217393552
144.2152241456293
144.00087684868743
143.20729542868028
139.97682773162694
119.8007205318003
115.85978375085034
114.07343059574164
104.58248372578754
104.40171042467597
103.81639278418474
101.55730308056594
100.88753429984627
90.42974503706152
90.05887830158959
85.17956815785928
83.84336025605612
82.08460952649894
82.00901441244807
80.09730788597255
79.37634607393487
77.37880702134628
74.62411907614423
72.96520634372769
71.79404558514224
69.39990364209916
68.68346216891567
68.10328896334767
65.732385936357
65.2692443857527
63.01560906258162
62.79763818627194
58.51272247939252
58.30775616974889
57.920346701456744
57.210094550546124
53.58056219670463
52.60522928217618
52.0643071057566
51.33994726734262
48.28103344250549
45.862267804140004
45.478990585004055
44.95896097886839
44.916778735870494
44.244724866021926
44.21103154208098
40.52635594852393
40.32519986203633
37.20380331037342
36.168248412472224
35.40749373310555
34.90411665570712
33.87439917892596
32.1457540888799
30.375911589295193
29.99507693426662
29.602168955720774
29.30079409136151
29.058072328211512
27.91869180661912
26.35849501571127
26.130691013828617
25.1801513380143
25.01748939445818
24.363992393989623
23.83319349925124
23.28105829556553
22.994797400765133
22.968683400192365
22.955208528695987
22.584862633932154
22.561734515237976
21.947142738512756
21.443026507395437
21.382309261007343
21.24235217611222
20.28115691557674
20.089337576247733
18.76690523375582
17.975498330457857
17.545191910204785
17.53174360518478
17.315496094241418
17.277910887095047
16.891782863483737
16.45193604725113
16.261166134409233
16.03071077722973
15.592814320363024
15.391407418922505
15.218690792503958
15.040585399335091
14.967538132824371
14.849566264664256
13.697897507270845
13.17644947550378
13.132094036896584
12.946427168456232
12.665103586588355
12.563819038630339
12.50751445002888
12.480470677410525
12.254902665156889
11.922180613708054
11.848915124802032
11.514579967899198
11.404523689798303
11.259302086703215
11.145269435325174
10.564952845222619
10.255264964908681
9.548943800398895
9.40513642761958
9.23595719465376
8.923464565110764
8.784097425441137
8.430399991016403
7.785196871223639
7.6370148817312575
7.501046678965945
6.8108215726459145
6.368525675060893
5.854515327150207
4.640827450141969
3.665954382733177
3.0553703332329567
2.8173976851712847
2.5705662569257886
2.4811130693607337
2.266226154685028
2.1726945479404813
2.0355201594510457
2.027343247414094
1.7283845632955777
1.141620251453325
1.0392247764632128
0.7245615494761922
0.5284587814536987
0.17929203822379408
0.11794867611446709
0.10709881558004845
0.006078735815115031
1.9194532922323452e-10
