3195.17130796554
2875.462065066815
1349.6970068430287
1119.1130022802795
973.2198723543552
967.6844476468793
911.386010410151
794.1415681139148
652.3415335604586
649.560572852795
638.1212953253671
481.0351910187764
402.87357214202484
383.3435846285434
349.6170185849492
322.617068634341
313.8915150998557
310.1687866984428
299.5158607182648
283.9046153071556
279.8295067445648
277.3775277094789
276.1763540740586
249.7653620401195
248.07584302627058
244.23268069571483
235.945782017926
189.90143605896353
185.70848323707366
180.25978754365806
170.6158689776641
166.61075826480194
164.5263264808436
158.80225570956515
158.09508930481846
152.69222232724675
151.0841014259876
141.72466219965006
137.38505186771488
131.7806522132019
131.23586178079478
130.7600949205863
129.24367626749142
118.17306735251475
114.51069951997417
99.60760240063526
95.84250524597013
94.72178318964016
93.16408496541304
90.36061619596977
89.90975434023566
83.12068226846465
82.29009239648164
81.85185581701582
81.30236031388472
78.03022722389976
75.23217202905104
72.7429828431483
70.63324476815649
68.841557967497
66.4587952341484
65.7513860415987
64.408391682576
63.4469919854673
62.22679777161609
59.92366713898651
58.31183701376242
57.778398645907075
55.05999852804771
54.594951910976526
53.33785598436953
52.57524439545606
51.14050523904006
50.5984377912063
46.711329258975574
46.66541152582301
46.08814222263972
41.27447963737512
40.95675363806994
39.0641366611055
38.510405228468656
38.5078076498774
36.04548158242758
35.48478769622852
33.48257398322614
30.79763991230047
30.533615328278014
29.49273176934508
28.687308775823848
27.776186675446013
27.008597038585503
26.850908430575654
25.807157670505973
25.31129298957275
24.521950720503884
24.520814150318134
24.46909556130075
24.129082399284556
23.254105170167314
22.07949910775839
21.83428555590505
21.723519907117314
21.133690349264043
20.37233424899838
20.19663363556891
20.18391578706089
20.147521458268454
19.897084576415008
19.448622141555546
19.305205880839225
19.2308329579126
19.004699722120936
18.571039438707576
18.27304957233453
18.17123974377521
17.784125878848993
17.495671475368752
17.34524302495634
17.31563196419261
17.0169409334922
16.884312459405418
16.824321934403045
15.934950934873454
15.374705851285905
15.074597824855482
14.832420016267298
14.702949166566059
13.82964420804872
13.745003027167034
13.608976119616255
13.591379100252752
12.87885512850271
12.330010192807213
11.797083072275685
11.393757034781101
11.23368771076161
10.967547738326186
10.701150015646837
9.89535890766258
9.86934617876439
9.836203812628794
9.811626249194365
9.640329648610248
9.57272295356835
9.415261241545922
8.88264911872146
8.468956839205646
8.123392963425516
7.26181410109964
7.255964800905915
7.1210182499907475
6.243096500314831
6.187632761613205
5.943323688262439
5.919443756495804
5.858587385788071
5.517619422831354
5.188259582372509
4.641962293722391
4.140344490261551
4.0965802510895255
3.798038741354705
2.5745306654961015
2.2685697798332627
1.7845637691919574
1.664951363477533
1.1629343371019119
1.0629891968689884
1.0579962480338725
1.003644864964732
0.3424596657479033
0.3385369199212786
0.13869711854318448
0.0365523266129468
0.02990702735339156
0.0028985309503402703
2.939374056382767e-09
