3278.2250493736287
3043.7618450925465
1376.8556643361476
1260.5676188179675
1065.272255153405
949.3680793780386
857.0878499324485
707.7813912163737
639.8493767176568
623.5235477233684
604.1075514691388
494.4025237428194
440.91570575487344
370.6630700964943
361.78111602947627
336.04039015314953
335.64399751320514
298.87125578345143
297.0172698409001
292.5324697293272
279.78757216417756
278.9447079187092
275.78995369230427
272.05043042614597
261.1003090323666
248.8719072786534
207.2350022481519
196.29073427522525
192.12356545343698
186.24944959878704
181.26296129980742
181.0220985617226
170.33668568986718
169.09101093405275
166.02930573937178
160.82608732186227
157.7028694089249
149.04446715036002
148.78569248705313
144.86694357511604
140.982892966018
138.77889411707199
134.03839184372018
125.1454280135584
119.3694994028794
117.6298261596317
109.04528042573243
99.87376516874671
99.5899156778165
98.04346220299672
93.52100100852648
91.33052479286921
90.84407112989973
89.15468729362318
88.13440975771522
86.53446327568324
86.23095397424719
83.35478425952812
83.26174192517813
79.2379807061229
78.88154618623906
78.78683170885597
77.96518116608118
75.65552568920103
75.61003675019927
74.11849001334363
73.43628794018024
72.30593522345933
70.00810023093618
68.41278404533941
67.26710648766108
66.70419111581668
65.32087989854196
61.38044559694486
57.9886775501333
57.168577352064545
56.49987724749878
56.32367153543908
56.256937700741034
53.00617100004246
52.815311064572484
51.54117788989835
51.196137002017295
50.404744472785005
46.318595239722505
45.014825657579614
44.85222641874617
44.497375184309135
42.71567012651202
42.4622232430154
41.68895641744261
41.31895235400132
40.309392563626005
38.658223081226666
38.637042794888124
38.06903544519211
36.36049221673621
36.22025144130162
36.076429988370016
35.70259331781641
35.154298454173876
34.98893267053043
33.908427920612986
33.55747553829674
33.51604929916545
32.825766848815334
32.81768333447467
32.66503196945322
32.26309330127539
31.001017662526728
29.949746997467383
29.601362160731604
29.54432461677036
28.324559467895284
28.078333864067854
27.154753093456772
26.405932345888715
25.436881984283694
25.26665976116421
24.945985852134914
23.63010522936113
23.178399258711913
22.882760337842257
22.70639273024376
22.01750347209192
21.51399110880688
21.404892997848627
20.931476024087313
18.879728488480264
18.82774799729027
18.69927215592036
18.684717279034192
18.669814146135042
17.661816907433437
17.575452181462907
15.677251178247875
15.63064084457966
15.204040928605034
14.427719306000908
14.241206369984509
13.778775656228342
13.651184296885374
13.034089777540201
12.562920354711894
11.763695504844478
10.477115135837668
9.834166104953061
9.665185495351688
9.20316064595812
8.834167892922382
8.680113396954667
8.664229492017334
7.96901789153333
7.844621842961068
6.32412814676785
5.9663709585498745
5.757040629906248
5.686882905704107
5.2581054768493605
5.167649178571514
4.700381480065401
4.444213013620837
4.300054851183376
4.155595945949625
4.025382637847973
3.6907251285074243
3.187772962682545
2.227637326257421
2.2166807620804954
2.1700708963056443
1.7239196340158454
1.6804560427151696
1.6721350943909856
1.5226277976283
1.3209650001144386
1.2139636377196483
1.2106495150793863
1.1634416078317074
0.9895917404759422
0.9839268137345806
0.9487874089854808
0.8389211293804933
0.4158197435854443
0.3851109289880783
0.3215743938876383
0.2775684408080539
0.18858214023625328
0.1112534521488315
0.10899123866451807
0.09953812887524717
0.09808169011009833
0.04818608836714019
0.021546942732765854
0.005333543686714617
0.00021316193985533013
2.7449244363541717e-11
