3262.115461742982
2937.267109831586
1353.4061049824134
1240.0213055458646
1059.3727949301813
962.650955463478
892.6787672652293
754.5865828635441
674.7717285432431
631.5759611093888
558.2423525464147
549.7442271003001
513.1549562088013
482.09373160032493
384.75976331898227
375.45600007918284
357.2918838097147
353.8798554541975
336.25198989510966
313.5675722667426
310.8297983738932
305.2069638619471
303.99351752213477
283.1731116551904
278.87561441568755
262.21679054335254
261.83423361009187
260.5341101123929
230.48295168737516
223.05978627041546
221.50281720179345
182.93603289369113
182.81350345675824
179.89151668123796
179.20037441040736
172.54671640338242
157.2203365198737
153.06234771814275
152.40175437740032
152.39938614977223
151.81196608862055
149.1208865501455
144.4236270858414
143.8517603354876
138.09434475847496
137.38423832029554
137.21681305864388
129.27072533867104
112.70152418359862
109.75809805669363
108.08839686682269
97.73236334419192
95.4887884303307
93.5310844576622
92.86093838813328
92.14682365389977
90.33347571591212
84.60328517142077
83.4062886493116
81.69277853696498
76.13369374947358
74.05592297997168
72.47690396218715
72.28731600577466
69.44568595481188
68.95265444901626
68.11444889225038
67.5483248145071
66.29325796829984
66.13343394380969
65.53374701777045
65.19029046630035
63.943675278236704
63.36386706921177
62.56025829085039
61.13560913014987
54.740407141078876
52.470229434493596
51.50728495162382
46.666677773380584
45.264348161446776
44.87098048422709
44.54056549337158
44.298041715345285
41.4489732171783
40.75416222842192
37.271705327370626
36.82156225081736
34.7896819869361
34.482671096210815
34.40383719624256
34.03848844475887
33.75556989276169
33.5609892629486
31.680202342941868
31.09541742375318
30.79189182501138
30.13908532511792
29.718182567248313
29.400435017245623
29.394886053540738
29.23237925767809
28.668258889761944
27.05544826821844
26.969900862832148
24.932793040461988
24.29467244100513
24.225356707877268
23.51963237078413
22.725742480770425
21.906990386094435
21.656430845360948
21.41721921501707
20.805409252826575
20.661150196820167
20.541179291389952
20.51616328342254
20.396770147553216
19.86846264572804
19.85666276844753
17.562048199942907
17.282659339661635
17.216691049928553
16.746756759487972
16.65305008568164
16.6112785667397
15.817599015178804
15.812476590593626
15.564821457754144
14.829104570680983
14.57076342622004
13.80936161645084
13.789003142719972
13.345224301200444
13.336577106209928
12.694500427858426
12.355439224247142
12.104638104383374
11.931449210097398
11.897460392690759
11.802631319459083
11.56320335607565
11.204144173335168
11.077985493647404
11.068819436186516
10.62216624411632
10.476327862709498
9.32768112697974
9.026857595073317
8.815876543262533
8.669360267328793
6.851648271911698
6.622921887571432
6.56515896625568
5.46482811993962
4.8682867755623915
3.772089708711641
3.570377537981399
2.156541881815018
1.8424143071626833
1.6861409026378833
1.6018166383774104
1.3949421994969409
0.3848727329485951
0.3281336101313663
0.2700992079685538
0.2553019856418808
0.011701614634876503
1.2748780910660271e-11
