3251.172680116745
3163.269921731171
1495.0959640062067
1205.6450249027223
990.696209608175
922.6439526332991
890.6250533371285
785.1075517143178
671.595576702718
668.0268174088139
544.1761949573436
489.0736107638164
454.62174191721203
419.97318275424755
406.0997782256844
394.6837660553718
349.9749620451943
333.28212883381406
326.56399372510776
306.86141256908667
305.49397187036254
295.5986326345365
286.4668016681269
274.15783904159724
259.83419502424937
255.23511543879232
251.83109376907203
248.5109264741855
216.34568844041726
193.1735366925934
187.85287030488945
178.85941860652838
175.74328657333353
174.7169875658962
159.89052031096892
158.63675183169826
157.05532410668843
154.89507831606105
153.57029313214653
151.33612086638726
148.31045614891673
142.84778292429937
141.6990512555376
141.47958128176467
136.35964118811447
132.50836346574008
131.27772749756454
131.2335702316315
123.77641741066539
122.77751645211134
112.73747827735086
110.78549888297411
105.78779985662759
103.00130093025835
101.5472658510382
98.51520508733454
97.64836361704687
96.61495614135391
94.72954164366685
94.63638104401156
81.94153160801702
81.12344416866812
78.52124437859766
76.99637587586984
72.80466007381654
70.48776648452623
69.76054270458181
69.28932948717129
69.1853598585291
68.17691381942194
66.18729479364198
65.08428488328208
62.72899011321055
62.65741410782554
60.52959316676444
59.86968666020061
58.2635652591181
51.885790645597424
50.71008188100202
45.955956521081106
44.76119700665818
44.32156001770232
44.263971210750334
44.185009821647554
42.8212686775929
42.560463105256325
41.344796883663314
40.63023785422745
40.37506371204622
38.970297966763
38.92651312651844
37.66605029190816
36.07748048932187
34.60600947121826
33.843255919138215
33.72794521667717
32.45194016085397
32.336167127004856
31.61330791481314
31.54958560087404
31.374691462167398
30.916350890854822
30.72971766969546
30.12959552267628
30.014964543791645
29.923487002449026
29.25688491167882
27.25828407879209
26.837537178975357
26.68691658174492
26.216096514954756
25.744068947912474
25.260813391372025
24.68818193510843
23.438123837455322
23.07391651458162
21.715796488101606
20.59691626163456
20.44870019858565
20.260408538234472
20.20430403364043
19.486042281920735
19.42114845298585
18.861014598220184
18.816619817983785
17.48542859768709
16.891462126430888
15.808928592795308
14.388157108359948
14.240466379508845
14.152311353207676
14.143721256558566
14.110328742446823
13.901903797822166
12.997418824241027
12.96061560297081
12.322054892279828
12.133237342641143
11.11813296700902
10.881340059688927
10.658715154002726
10.4946951782183
10.127152881474219
9.748005487751964
9.437355018603016
8.75534856006707
8.327926675493849
4.813668957851575
4.760144103999251
4.630905258287817
4.509436909974953
4.345492876415432
4.237435910891982
3.557738735241961
3.3361578254653783
2.898316282072775
2.7574357899736652
2.117171864685829
1.7253448347369063
1.5382807632174837
1.5059355283452673
0.6331318348147406
0.49613619408933973
0.4067290711239881
0.3419266817123069
0.29041761948472244
0.08260976782018249
0.056372186755264966
7.430644505498786e-11
