3021.991120283619
2746.8571288119124
1289.7020899595698
1048.6200857658166
892.3962318592858
876.6905619354716
860.471024727371
641.3557420816526
621.4644556196652
591.7347572551571
570.9848533071428
341.26344020700463
334.36316120727605
328.39581633017855
305.69101706764894
286.1436001022286
286.0658106313778
285.4450788653212
277.7624275287553
270.26066387419405
268.3095869727059
260.0433189770261
249.40812032793664
241.3072972350983
237.37395998213188
233.20960333539816
221.97815556461362
215.54770879291604
202.56947830034775
202.23539061161142
181.49219568243717
175.04142900572072
160.78919396970915
154.1157973767046
150.28476613961
148.58727421348206
140.15746111889035
138.80927667605945
128.97860573562582
125.10999396028983
122.40549657860852
118.11018902594644
116.69079563764822
111.34852248519105
105.58356759674264
105.07851609516347
103.58049768415682
103.21563822591
100.02325727709255
97.4126532238564
96.88183945966125
96.6945296593281
92.08771539873833
86.72144214323586
85.29250858586354
80.38844645892617
78.3575188538178
77.50889725681077
74.37138081814598
73.94120915656568
73.39590211306232
67.768768626307
67.5273219508132
67.23539885600232
65.52012198419024
65.00844956538971
64.97760602497196
61.20168374795953
61.093970516945795
57.291160246920455
56.69847597348032
55.43085004277409
53.56273721028029
53.23225909491993
52.82626895582558
51.614502069817284
50.8162088287427
45.6751058785476
44.70818524116114
43.93296500900453
42.56122373244363
41.57953854863561
41.00166769593365
38.60569296887498
37.851019320884134
37.330340472137046
36.53621566416263
34.28817323413624
33.35340900947149
32.59410235375142
30.86482419854053
30.456912770401413
29.90609341557976
29.781212179622127
29.19304169634838
29.052578224955585
28.823343261349805
28.7441980883901
28.083240980081584
25.884679703771127
25.4223044627705
25.132897637389963
24.881926364810486
24.660049778959806
24.009084210213693
23.888721357939374
22.96612398279008
22.81920374688963
22.101895163987496
21.392622351152838
20.899409487364768
20.61479037983047
20.39362882117081
20.220653678859502
20.209771951087134
19.123865739509203
18.683406018130565
18.510078039604927
17.703895010632692
17.643084371362345
16.710333112119166
16.592935001535096
16.44007958380594
16.000646480487468
15.391868005764056
15.294770619022591
14.723803540831666
14.534352372744785
14.36456679940473
13.9986163194976
13.872395478495942
13.684623062183972
13.589592435652804
13.41422823275923
13.340095840496204
12.198094009414751
12.146621026538568
11.577384660035907
11.426957469798001
11.32297393032285
11.244044847359975
11.221404973173668
11.092692749292338
11.043463947280149
10.98564406425289
10.682606478766715
10.353166553905279
10.316318277629348
9.613912032350159
9.505390632569434
9.420637626914733
9.401540917924384
9.241194219478434
9.008197680531906
7.723792114228613
7.5613849151943295
7.527457586600555
5.850195824659469
5.460487780845956
4.273888312969788
4.270795437854208
2.979678175050961
2.9714202509287526
2.9032715538939073
2.64376197624962
2.5248095282927907
2.4595746886570566
2.1361469683992973
2.0762246884195696
2.0354354477559338
2.0145739491422656
1.6355474608904392
1.5720675162996323
1.2424001384794225
1.0131590778267785
0.6078403201752846
0.5619444432722805
0.33736208823462566
0.2715669578370509
0.16210980856383422
0.12950756030684102
0.03204817932460912
0.022496862473307143
0.020284621235503852
0.00793292889170283
0.0037157213945753827
0.003715721393649776
1.016405610490264e-05
1.619404782703441e-10
