3256.685652010269
3121.974129122572
1369.948073160386
1201.7417923589621
1097.6706517953928
956.3683959207981
949.4559109769383
759.4501358578711
723.9317999226477
707.3311328482143
702.2805798645402
590.0817747397648
403.95572654759496
400.6782362289293
350.9220295838725
347.9531981611062
326.01193812292877
321.86089692884644
319.52024560950446
312.34128609758574
312.0688425386911
285.02740610999444
284.5344648725301
282.3683213068186
282.3289282757436
267.4054211305022
262.71183345402545
222.87627025517014
220.14248837696158
214.3558689983401
198.71341367307136
176.2951812454415
172.43314089679419
169.14145522116016
161.8540948888267
160.05633116193502
155.80250468203752
153.54904287919018
153.15020428938777
145.49563100558566
144.82031494290902
140.56055368461224
136.452514361107
132.2836826717947
130.4411396119739
129.92516659672816
123.60438307696131
120.02810882327493
116.87725258936052
112.63425658522513
106.77403936819917
105.62547858578392
99.3427519046873
95.58004726353978
94.23840133269796
93.84097554137213
86.65637582528778
83.66585262038518
81.717861140015
81.56928617406686
80.63038218922742
75.33221177499028
73.7655292169179
73.45158162792107
72.86220358415997
72.2882122934134
70.43577425467109
67.79794465742646
65.42560188441843
65.13093343739297
59.3852787010676
59.09256208046947
58.549804115978745
58.36566070271466
58.2126929650686
55.26278048406488
54.66810833626822
52.511119386272995
50.55802778971188
49.12133257763254
48.68142962185881
48.66813468565855
45.95787389696152
45.259494932892636
43.08203275676698
42.99941062483533
41.66531810828282
41.600091079353504
40.73523308195492
40.54376029816337
40.341024762761755
40.22940055708415
39.60260033953864
39.48769394122958
39.19873990913986
38.48463387095264
37.889856722843675
37.78155665316665
36.9685929093888
36.880675313558974
35.94766131734657
35.194840713817136
34.8179746029154
34.76093417973103
33.15209457918185
32.69595849791814
31.56625555615071
30.674379435243274
29.704795315052635
29.31660493895399
28.774520771768536
28.24247832868785
27.903678722399523
27.396238486242414
27.008194635897325
26.61331631859219
26.498495869438504
25.775073173700296
23.866087653621495
23.566462893419907
23.176730995121524
23.04119701054193
22.566056205517807
22.153817058806844
21.566929624689465
20.758356810987387
19.604881510168735
19.585756379198614
19.266463149095216
18.311916991123283
18.156217349242816
17.91286069989084
17.59611286633661
17.568633069693433
17.306455975123914
16.66197141649403
16.27963544402533
16.21614640413386
16.015795187248532
15.727180254069424
15.410364921565685
15.214725522661576
14.937874038756096
14.476695019781552
14.288872391264691
14.128033773912586
13.653103476691049
13.648549144050733
13.07640054684553
12.188527736376413
11.47902824269709
11.26039912317214
11.126266175578472
10.782191948052242
10.357854440018992
9.884071826487487
8.269781554511827
6.907167951683434
5.345139449592584
4.830276909540885
3.2430009286177794
2.7624440074969243
2.5529064872252625
2.4885834998962286
2.0985851745703856
1.8878410148830937
1.7784133354269671
1.3123081987659673
1.0937626884934932
1.0731242883321437
1.0201076535647833
0.756243143460872
0.7250857471675212
0.7247852105812644
0.7176403408691112
0.6908180247727578
0.5351411259698702
0.5151510978439817
0.4820751955995607
0.3208457311973404
0.25719089511773874
0.16166254490605964
0.15235974882478942
0.12062824053352987
0.09837179421009719
0.04352972573736049
0.006376697525850729
0.005446348441347577
0.0014222239313501299
0.0009128142279876811
9.645178721032377e-13
