3316.752645924059
3155.771806732329
1421.531234254362
1201.218022619757
1095.9097264837544
995.0237028801237
923.4249053921152
806.8266024553936
697.0584630485376
673.1842708417497
663.7018807274499
440.03875633164057
414.8839780560943
377.1842967132337
368.7019159129595
357.68485516042347
346.12221391218026
341.3881581834455
333.35940816653743
316.01621854630935
308.53314251673066
306.2833513713498
300.53956175539827
284.5894818206526
277.767842822144
276.7141271791743
258.9965874299998
224.91383247116045
221.45503268323887
208.59794152724032
205.52303744334586
204.25282761709852
203.30035021453094
199.83951615592397
196.83461138488917
186.57668515712527
181.52941435238466
162.16866571425902
141.19443015218124
135.73820126367661
131.31133802109593
129.8312841630545
129.25420028652385
113.05407317335167
105.98016319276604
102.98987638779607
101.31838676011826
99.40847685439249
98.6303923448054
96.74447956405314
95.53693690279218
95.31727511535641
93.82269672950396
93.73348976085126
92.69951727538395
90.30629554706044
88.22356828938477
87.39507131390893
86.45074213011674
83.89954911975181
83.36588811968315
82.99381151375536
82.94014952315882
78.67429269031528
78.65283639248506
76.53433830852993
76.44165443260361
75.57736028353857
75.15154635051556
74.67995498371606
72.9096491695438
72.74923376092426
70.4974917522647
67.01971920637388
61.96247808991081
59.39278988325547
58.022503024907614
56.956148841517006
56.475014607492305
55.99917526871943
51.71980082703003
51.39709688350441
48.16426875661589
47.3258376964353
46.56311789657814
45.83056420257088
45.599705638820176
44.27515552154387
42.87182750208461
41.78214509836306
41.069748506706155
40.58291462146205
39.17791307431868
38.53685738261545
37.46195352262462
37.37022384411051
34.710214433317255
33.9990898138003
33.3172439155505
33.169453714644185
32.26303949101309
31.939524820693727
31.865229391960156
31.735593197038785
31.672944463168317
30.077172855450595
29.906607754408217
28.777474866096007
28.582217803417663
28.519549585664684
27.63686397496599
27.283053455857413
27.23903218892858
27.090348168034428
26.906775904968615
26.026159116689595
25.64178093426163
25.4189528893931
25.165644951856677
25.0341773837175
24.967532533666876
24.30164071976057
24.26452818143111
23.628678072266368
23.483799108058417
23.248144171647517
22.698582532215042
22.533899765599624
21.883053408231042
21.327828986810957
21.2893484364374
21.000860345063746
20.665870519381212
20.256464067081815
19.94894663384631
19.78078409689467
18.37030999355441
17.409509494246684
16.954936102916346
16.231925345751357
15.726194512963279
14.905504479261987
14.393558789829845
14.168447916926477
13.960219928678171
13.484692109454604
12.67125450541114
12.632419561263877
11.573170005526894
11.521311114074939
11.103384048498055
10.854539468887255
10.835503893496456
10.777288029784799
10.607667124799462
9.286890954319865
9.252903485625032
8.30407645890789
8.282250689573228
7.522289837229346
7.32465692662053
6.642266878631956
6.588095116814313
5.919176893030328
5.840828981683864
4.310103067884702
2.6223222714704884
2.395413825737888
2.3091385184970954
2.3053248166839007
2.295681181220807
2.1507154588705637
1.9382926067981412
1.7229438690951153
1.627199629560801
1.5970374893777057
1.3789861494730091
0.5080010840264825
0.49613075012026686
0.48860418503709857
0.41431786273009047
0.36961895044614257
0.3361043830717311
0.32867587837445217
0.15366938447797912
0.12341127220673938
0.10280020609351173
0.08028960402414877
0.02232977165764502
0.020789846797865587
0.012655087558184458
0.00032278688368021395
3.592356446201077e-09
