2964.402214903384
2596.067235098619
1169.3301719693848
905.6986197839987
871.0374412215835
786.7090821159528
672.6182501876785
662.3981436905818
570.3573833555813
568.6602506537246
447.4168819603195
443.22821140411423
349.97792806019197
344.2640289239975
318.5998450050279
298.68759156342924
270.68338459049124
258.69065903303675
256.97959970047276
254.2758197486951
249.01916288566844
248.89786901865284
245.40716507712787
226.41871227699428
211.94684697804897
211.83322293852146
201.51017404017443
182.47589386625316
179.86032667512436
163.30104944243766
161.91440092810046
159.39211279834146
158.77038185969812
145.589939990614
133.60397544802325
132.5630932646975
129.79734003289963
127.03589352680214
122.73827542203688
101.64122991860766
101.4042210154308
99.48196504935761
98.2433640523512
85.90512443896858
85.18148066209982
83.64132270374651
83.22653837301469
82.89166094843416
78.38927173021895
75.95133877555142
73.4522296685274
72.54652348229524
70.87245847110209
70.70110580320441
69.35737022789301
67.3563102713105
66.01900470082471
61.568959834113286
61.39565174715726
59.402920750015795
58.143514655076935
58.13362518485998
56.58587987257522
53.033721181712956
50.60394277158372
48.861090569279746
48.72779659293279
47.316607429636136
47.16413989662231
44.76843711424384
44.42744125322413
44.27256009803541
43.276078476879036
41.471219267904694
41.25282455130286
38.50440337710793
37.98165627364996
37.476108430938034
36.67399071413615
36.46676189588846
33.551033147186
33.18613314735548
33.005282008108274
30.414118700371873
29.53012292738542
29.35357969382357
27.255090151440662
26.72280068913221
26.601102890121716
26.389644066233213
24.732569482778537
24.590583210979613
24.16009963685159
23.479199577632297
22.805807353242994
22.588092583395923
22.14652693290981
21.492874508748987
20.92290737845458
20.520201435535114
19.70165245841077
19.643821541794473
19.24027111790682
18.770913257987942
18.508715040702832
18.245817277384088
17.76967292738477
16.41046274591425
15.691118224395286
15.173984036868339
14.7883094496902
13.568021261973527
12.853865829018845
12.460721426008789
12.170341433148653
11.976708784444927
11.820263120517698
11.384592498154722
11.28719707013712
11.115782353770744
11.010170071049687
10.257247098205559
9.744630599560605
8.61545144474548
8.483378745444517
8.308751370177072
8.21490060809148
7.888145288761511
7.343548483084693
7.2700712625637145
7.1882314290287885
7.1678773821665205
7.09796226371402
6.879314234077506
6.8326316848424415
6.1038497497214
5.777356821429592
5.1132188578249265
5.015795651446134
4.14570747793816
3.7358485997997324
3.076064801902093
2.8890754391081734
2.3305826850998206
2.2815778180019737
2.1471917344203706
1.7841011892403043
1.5232649526240258
1.0298234316971722
0.73581501586328
0.6434901596694903
0.5592759657948316
0.3984558420123551
0.3909991801020978
0.2659475400180084
0.15005598823642632
0.09866851241447142
0.013806948970757316
6.951576115458637e-10
