4180.776983591583
3305.9383401597047
1533.4848080827794
1326.793017129052
1271.1359090786218
1169.4187452115932
1046.8218545999528
991.8545158325328
887.1633530492421
730.180863863036
662.3241296336003
421.751212476588
403.7119739670686
389.02703584987006
362.9878251338405
352.94790602565826
322.35897689220116
309.29995388937016
300.99236449575216
295.85404716122054
287.76080968768986
276.02251075890473
259.6997411021869
244.59581109642033
233.425881968931
214.48758372488575
203.58622569645158
195.7840169642984
179.02724943096464
177.69200550748823
175.12933024182087
175.08620805346774
172.11599611827577
158.7037271790234
157.15221341304763
155.51687310679682
153.86162982933203
146.8833319680835
146.5431426709374
141.98861374962613
135.8863038147501
133.7038713402421
133.44925646891983
127.3253421177672
126.36056318088056
125.29849025376511
125.1167404980054
116.63089696239165
110.45776671808271
109.52013911252426
98.40634369917257
98.0607441972058
94.8544755444771
92.60935528746427
91.05866710910705
87.89787060941124
87.43636796406945
87.0014597038109
84.22333073696157
83.43251396778169
80.98917962815806
80.38531772355522
79.78621990678353
79.06633238953937
74.4050267651824
69.00668185281896
65.7548114795221
64.29667557996083
63.77344012411214
61.65901020004457
61.536513817043435
58.43558793170183
57.577277434762685
56.59452223500401
55.56739105079034
54.349488086628035
50.624406219007206
49.642615222108326
48.45528145646903
47.27739661657429
44.289402075426175
39.61395874781578
38.843022777882105
38.40492240945
38.200691183816055
37.53815354562918
37.31914057844921
36.9276286157249
35.752969603150774
35.14137922536238
34.435137128670355
33.59630814652962
33.26627564184815
33.1195449886991
32.949174005125435
32.35932100286261
32.03836797610061
30.003104110843122
29.984879930607914
29.43544153567289
29.269448997768734
27.742926665740086
27.491728829147913
26.679580007233838
26.355029448968548
26.22035417102832
26.0212139391359
24.18817785809195
24.03829926243733
23.89402905886983
23.6305571149169
23.458075531361743
23.3767054025073
22.179692091459284
21.095343190353834
20.851791989538537
20.51190991386511
20.46702695728454
18.784937484760338
17.6499070125747
17.22523595817896
17.07286879273651
16.968020118883015
16.424285190458566
15.92651439375721
15.783852638013038
15.750265036767258
15.74313201973594
15.61083388013993
15.387497047428608
15.077689267816636
14.338488269537185
14.240764043119164
14.098597784513226
13.799279530327562
13.7917602553414
13.270558524018865
13.11186658054254
12.658169983387886
12.585711410578623
12.54211257258226
12.443604461482558
12.009363654463113
11.868052543284067
11.750566486175662
11.451623180687164
11.098717536038947
10.84881805914146
9.764632524244346
9.443230112481219
9.04462763841319
8.969688612323159
8.887523362538309
7.724101954415282
7.153615795512351
6.955364045261593
6.575544357683523
6.107772650386933
5.254364449884599
5.108178220846481
4.1971483377872625
3.1420688386721527
2.505915520239593
2.189301494307335
1.9685733229567342
1.9615968740980891
1.9008415328702324
1.8048401529228817
1.6301299407549497
1.3877921993926285
1.3677133886264097
1.2008319463567674
1.1804184079992217
0.9939011519429451
0.842167062945775
0.8286857175428275
0.8234352024122846
0.8124387545156747
0.68060762432513
0.36794528775738927
0.2960943136226308
0.2935596666204574
0.16468970556123128
0.16161671007612308
0.13343844041522387
0.07565988795469376
0.062292676893236414
0.026385413496818704
0.015796941064129728
0.006531464691419064
0.003884280379463869
0.0038842803791500086
0.0034373137670340227
0.00032661336720241074
0.0002051631930907717
0.00019682693612699072
0.00014696959194397904
3.133405465576e-05
1.3626535410926621e-05
1.3342366863090352e-05
1.1818328771027664e-05
1.1464294617652415e-05
3.398049401410856e-06
7.565211906077479e-11
