3322.2029649028086
2888.597925612874
1317.5527402725263
1241.0821045388213
1052.7523277082194
975.2372626592277
947.0541257969466
709.2766811843904
680.7240606829514
645.6041364953593
539.9841674316114
465.74859147502946
410.00567962241945
391.11711846592976
376.93002283619217
372.6865548958094
370.7991677624632
368.82723488579234
353.6165619566764
301.9489870372426
289.28574624883413
285.6513371095618
279.4668027336778
272.81593107163206
272.4600050936592
268.6373450290153
263.1194657887803
240.68527111213973
214.91956443429774
210.91867486698507
208.74152189578155
205.80086084581822
201.49845462246014
183.2760390819262
176.64111994900668
171.1617849851035
169.37245523861904
167.02981590724585
160.72416963590865
159.28212779847757
149.03974603817716
148.44734022550017
139.6330813075835
139.01950608700426
137.8711043026597
132.88380430232854
119.64939179549265
114.00483643733051
111.78179530091657
110.28895766721098
108.73468777075455
108.61820550826815
99.17373757677935
96.28874748759584
94.8257950815138
87.24388002458906
85.39470056160353
85.39136145588954
85.24148383594542
81.72706938016206
81.23045304989613
80.86394701925114
80.07736740631682
77.46908500256396
71.10158100677839
69.1959803639376
68.1984365417395
68.03376561824643
67.62805029755596
66.47732416909207
66.16023005118913
66.07008028501382
65.62631150486403
65.34868001123671
62.8319444251478
62.405266888959204
61.788285865016576
61.64662010743176
61.376967696596566
58.048564010456
56.48245138378647
54.03725245323823
52.31701473825114
50.77046206263778
49.9678532647942
48.97218509458849
48.78100449634984
47.7859075066421
46.83500786213787
45.817187666618125
43.22326936931521
43.178279488010425
42.85411723778402
42.56686181390565
42.13058805988914
41.877951683688785
41.74343877891848
40.95957841444786
40.172994754311155
38.588803030077536
37.30388394101886
37.24319783803018
36.10932064231747
35.84715441920054
33.06709445556091
32.676806025980696
32.05022135605455
30.686614273146485
30.55379564263665
30.23687493678045
30.061139439472292
29.959645988216984
28.132998967787316
27.083229600130686
26.590447312809953
25.64312182042288
25.401501327373012
25.004465041152134
24.548556234985554
24.525359009546307
24.500281017088493
24.327847009944364
24.172301719552316
24.133595885936472
24.127644257082952
23.848809878345325
23.30893822883128
23.005300855285185
21.920504503764157
21.64487878204528
20.10546744333961
19.970930022893167
19.66825786210615
19.39822509553041
19.26072846897188
18.134570873315504
17.756919692170314
16.981295044535873
16.787156794088947
16.501067114403416
16.42683530631543
16.40356997066341
16.09895391417876
15.916495822985263
15.640324909998494
15.404844932699445
15.271641254266942
15.044624456339784
13.912711775951045
13.854780556594175
12.976190069316075
12.722027588721078
10.761883507332842
10.514148661988592
10.33028540674796
10.279696257300996
9.628466856048034
9.593411644363107
8.644191352924691
8.624517055450404
8.563754203472826
8.454003637235079
8.09529296832734
7.532884928936822
7.076685775745635
5.482327738765711
5.144694746388277
5.089804462432866
4.96556098558448
4.571881965960705
3.746235347540249
3.468106104211332
2.850836381424006
2.538374406630871
2.4614317871963034
2.3019717648345623
2.2703636323767045
1.899499013082546
1.3675242296053187
1.3475215867382058
1.0571903362828823
0.9786421537884931
0.8435489450179899
0.7295835506600897
0.6862549984829451
0.6594791096525562
0.6223428183764828
0.5706260958462934
0.4345576478004474
0.2643370346899375
0.19094153401007938
0.10479047577034213
0.08512389722964488
0.07411913384865204
0.07744514586258971
