2782.953424835281
2643.003311653618
1190.6600375750927
1011.0701733733603
938.87351684023
823.3809320107999
804.7943122478022
666.9706261186125
608.85521735089
597.172687800183
543.8975755804244
461.17153173264086
401.7360446459007
395.0679483152326
360.45728591040364
324.7996642541687
313.30095276198267
305.0820190379215
296.2931692782817
279.04106673217757
258.10353748599374
257.5527394532518
245.40802290539128
241.58297163441026
230.79028223624607
214.36470945594365
207.09795287325053
205.54752539625483
201.6219837071364
184.86900306807348
178.68770635263647
175.21659301391006
172.40286041108217
167.62869147804264
167.19727697736602
159.55145357582182
157.03070591891924
146.37371932752302
140.44037454385298
135.51661048187793
134.00580015077887
126.092710872857
121.7137430864018
117.87846999606926
117.41472145057018
105.17666986654277
105.06582801363508
101.31868771400588
99.75757648360094
99.08660695780685
97.26959995240414
93.5083842472553
92.24161058083506
91.93337078688627
88.13852644603902
88.08231741501926
80.06193398140681
76.63838254267235
76.53693644587814
72.65751858429148
71.29749284172907
70.9051462154258
62.61477129457783
61.22664705956442
61.21406458878915
60.992684779079326
60.28082881144487
58.74473335852075
56.51230813782923
55.41713902535349
54.71120014772606
54.305627647206016
49.007651088255955
47.0854336493793
46.548552936054534
45.31580956756855
45.03164715145448
44.00235028123345
43.86738504740477
43.631949683726425
42.77523056689064
42.04608268197716
39.69620114051706
38.5461840419869
38.514779641753634
37.918840243111674
37.3483667966086
36.818382956667485
35.76723083626586
35.41347966676596
34.667335080454016
33.62307327352342
32.70289331631193
32.69980235221367
31.1825610282055
30.907407506412405
30.07133296037986
30.004453607973154
27.994767649332246
27.666116593341403
27.310357924847096
26.343456974820537
25.691691579518558
25.48734419515514
25.4738496199562
24.15111860239427
23.987108944492
23.890609758350674
22.73020665410875
22.62295812957133
22.06499246809908
19.255510294612044
19.223961068697278
19.14270731260833
18.887820807684648
18.621972632614533
18.268230863342882
17.98095766286948
17.0118272703219
16.415523467314234
16.274251040572107
15.553358778630535
15.1190127713235
15.096607873965594
14.709179613483265
14.471430647507631
13.6523635464597
13.407078523838509
12.78192692926321
12.419838299333833
12.214996934394525
12.10235864544479
11.654199722472606
11.607847432461625
11.444723616029025
11.245204405511819
10.733001897833354
10.588438531681971
9.763579540076083
9.67182152126714
9.621588857161072
9.574710463751563
9.393537731479771
8.678424037526437
8.532619259711902
7.814188168284934
7.5178965112650085
6.55430979634248
6.357745031985246
6.304020954397114
4.903416043308416
4.441756267917679
4.260771414931765
4.246953099774628
4.153108152021687
4.06143091621217
3.926018125698152
3.4326700525053093
1.6625569836701088
1.6275986084430092
0.1516882435987389
0.12262235406293173
0.11924828468417074
0.074719047633459
0.06934931882191665
3.4218931864577192e-12
