3201.339114222116
2989.537260056923
1327.645356019913
1101.4482224450362
963.8068147631312
924.4455825340835
902.4790603594977
689.5891218450901
652.0491747777578
638.8306931866051
606.5982063433253
382.68072009215615
370.9123238171159
327.95459721925107
325.9763999031605
312.17067229474077
312.1171642038652
305.32015863174263
302.59735023809867
285.3717150581127
284.1428222492913
272.6928149891946
260.90996767938725
257.848973926331
255.9740575255222
242.0502479613401
198.64681566313172
194.19936627962858
184.82678826021012
182.4055808657807
179.26999239765004
175.48728246388086
175.1427485451487
170.63904295162098
165.110682745476
161.74033402868412
138.3563666212487
134.23581893681114
132.4301714126283
128.2488479711319
118.79655131866066
112.99977425187896
108.9544801234456
106.74852308041685
99.94939864270538
99.63053647874356
93.33957211723587
92.42637547906227
88.9954366347398
88.14830520200597
86.11242497507446
84.33821336311814
81.67890274967552
79.96353868025881
78.57945568992436
77.90852569221856
77.71905795596825
74.72640679765534
73.0195259138962
72.5550789752525
71.83081575118626
70.97307693260946
70.66774542947776
70.32609680847875
70.30979393105322
67.98073889493523
63.80899239873609
63.11186391690365
61.914386107774305
58.3959277435802
57.51937063892711
56.90697854774855
55.0875636986382
52.03250178063189
49.81279563247549
49.53480002504229
48.690405027329994
46.72904685248808
46.50179097728378
46.22713070248891
40.4501129035142
40.19925723693741
39.50195699605113
38.843044174285524
37.68843943028142
37.2494245662065
37.17482597936794
35.79021613381372
33.713095276893945
33.45427279546641
32.917859409582675
32.77098862709574
31.422058844495485
30.60222165780304
28.86753797204925
28.633046965276503
27.58048503757525
27.429646711198245
26.794244359139103
26.119320492914664
25.81194983064999
25.12739393058909
24.799461473941626
24.644996279420653
24.589584016814076
23.533144396555308
22.78468975220501
21.222381799348476
21.193704810447215
20.546698477833782
19.298668989571645
18.67255842847203
18.58310127246327
18.119402454496875
17.75231445182328
17.343152663482012
17.048808985526026
16.392438613992432
16.35065587199221
15.65126042052665
15.064363226009462
15.060067742691366
14.206913408678231
14.202157535067606
13.486586308468844
13.430244467891535
13.253615369972115
12.770846176823724
12.553710742845185
12.519445196378442
11.92678435039709
11.28114505121297
11.179345127642584
11.155181303342783
10.90964911720839
10.20436576497483
9.707239001642042
9.444553965576624
9.122578927609075
8.915280727815478
8.717629230190319
8.594588559675906
8.519167865021693
8.45441724775543
8.38039599115745
8.286489035057317
8.207612625608736
8.132888801044867
8.052597938113866
7.122237152186454
7.106465091440083
6.7552493033072905
6.640679332068456
5.594264879021988
5.1432624510146505
5.05169262135744
4.97171955046834
4.095280709884507
3.959599286563283
3.7885488473040114
2.956308036314504
2.497776634016317
2.1478209984253125
1.9721474779287753
1.6095323606534735
1.5636647960551757
1.0184956801758118
0.7368551231760877
0.32220149742665183
0.1314479402776502
0.10042160560437882
0.09403609729443455
0.005057669449120266
0.004428791518922703
3.804511404866588e-11
