3496.6139292637836
3309.12503601377
1500.8938167562173
1252.6094275267449
1103.8971736054446
1003.1721717147215
974.9526993593744
758.0964784708824
739.867150903973
714.5748289333509
634.1360151297138
432.6603689831622
422.7818120396707
407.7145825905989
382.00686714071605
377.6455566373219
360.35006960155334
333.3470739593081
332.48875280680414
323.4540318369569
303.4652439905313
300.0934982924749
285.404147636326
284.2872090021614
283.15733842154737
279.3519008780395
274.9075044297888
266.4446206946839
224.91772501794995
222.73221893600115
220.8052095985544
198.05025197662923
195.65302823495048
195.5871048699978
188.25461914504803
186.72247339992674
178.6361890699428
168.68189286306927
166.6697844180054
164.28079922818745
157.93463654582362
151.6036277861214
149.19075757966985
125.73809136644668
124.40509514078724
120.46316190167578
119.39317234248958
115.14025034545121
106.65865998429368
106.07763224011624
105.93908024046672
105.88626869591401
100.25627578302758
97.99305550425532
89.51414487166983
88.7332934966781
88.52949140436651
88.20885212054847
87.262516995845
84.69248756766186
83.45658672915692
83.02169341391493
80.0261327477225
78.37943437396446
78.37441262696139
75.46549820965879
72.22891738981579
71.62479737971238
69.75549285289075
68.67532615010984
68.41980370571282
66.7845715532738
63.69409608291657
63.62312411233486
63.03935683399145
62.609845383522966
61.615772201033714
57.613296383789404
57.06156831343052
55.04559711460058
53.64624776602436
51.546578311074846
51.28562472192962
48.923676186213804
45.37607126515879
44.72247389400571
44.71789136302171
44.680123365565656
44.52906244454209
43.78000901515265
43.479786073985686
40.685292829770155
40.07133509971695
39.65371772381796
39.0186441493592
38.45110000775308
38.37025700467204
37.44232295971319
36.70542963112235
36.21067014733506
34.943109852468005
34.00518077335756
33.77437218299936
33.596160975332
33.25429436976898
32.182036116362795
32.07179116041288
31.156666444062022
30.395514695008366
29.843040767201693
29.688248652513813
29.124463704157623
27.33237725940809
27.200593235035814
26.617470212982393
25.95658349977169
25.845829539254837
25.59999922081083
25.077356877659778
24.52895459780978
24.0204059375751
23.88123512991169
23.54410123443938
23.236539889498232
23.04243089565115
22.79861730264361
22.11590485875134
21.32436611892659
20.333852151834773
20.300025337216717
20.06502608653094
19.25856298661993
19.19251199566482
18.814194384942613
18.246135576328463
18.152855490892488
18.06540917960569
17.72246771497822
17.532743237499435
16.575303598482602
14.757239773931248
13.898933033035402
13.676703084318293
13.49431708772248
13.32742934793524
13.05047253930325
12.893465191743482
12.705781294327222
12.659447999743401
12.215966585102148
12.194808192709868
11.55060374765577
11.504271084274587
11.459775485749917
11.065492363537524
11.021724802627114
10.963628500087435
10.866234258931758
10.566205702137422
10.484127745620881
10.468132544834784
10.270244106161002
10.202964949238787
9.87677132247549
9.557239157064291
9.061772012987658
9.031913938568717
8.180112176428059
8.063619416648983
7.683193794446685
7.332811094445791
7.233184085586292
7.178625003832877
6.906458926498437
6.8980915971873
6.836242078750588
6.581706532746002
6.307023413789279
6.240464449262296
6.172690731901551
6.148249482528966
5.971308604935958
5.690121986742512
5.584648599291324
5.448362852086523
5.4091925182855105
4.814912386197632
3.7991751043301014
3.297489673445611
2.9849653693813374
2.384980570035026
2.267309877582306
1.9402776853523795
1.8026128304097915
1.5001853203441264
1.3545803297678611
1.009205265070234
1.0087888244513745
0.8912914200493637
0.8837034954641378
0.8687224198416581
0.862320079477885
0.7596069328649232
0.6348340773634548
0.42766757030082897
0.15467664694973104
0.1321451556761585
0.12937945758491823
0.10806465123247383
0.030901047485066942
0.0108755070067961
0.0008794962702753581
4.2171692179080105e-10
