3286.2473493381294
2876.709058609148
1320.8890442101008
1260.1060067057751
1049.7291371732686
930.981489630792
868.7199953890952
800.7231584956335
631.3995651294724
623.7087016810738
609.1483467771139
529.0385173242287
375.0922931262935
354.9790185126247
329.11250925924065
324.36436315764325
311.9850903388488
294.87621699016074
291.27972923143994
281.8518984650429
276.67622330235264
275.2416281877828
274.3626434911333
270.28189828037563
269.8434504656375
245.36296658172236
201.21911553176534
197.89004777844747
186.5185074026667
172.28735142716548
171.24619253073118
169.96224203564017
162.5179320074298
161.93419793849372
157.7187824607833
143.85087662470136
143.71976089756035
142.77901023704385
142.33260076209945
137.27615367614553
137.2063468691392
134.26872387663371
128.98301818158654
119.06922466188244
116.57337831497887
114.0722639378215
109.15998550731376
104.71429310946885
95.0974139170366
94.76478851600174
91.89523178489914
89.37695299755198
87.0525829842226
82.93892150332705
77.20497598005676
76.76524412027742
76.23215160390274
76.05544991010635
74.16768983842363
73.51786005297092
71.91259182883677
67.48563034373011
66.76571811652117
64.9641615327382
64.71991923115816
62.843725496619705
62.45533604798303
62.26406780979094
60.87256542748901
59.612055352019496
59.125443640760544
59.073441266410796
58.44174718210551
57.56881042594158
57.07333815507887
53.833115966406616
51.31443760731427
48.49013305240146
46.4887898275683
45.41786237731659
45.314341273315144
41.25667898553687
39.76046487018697
39.005762046223786
38.52677077989696
37.41171715827224
37.06293931160113
36.30261509605078
36.086050749776305
33.283625503706254
33.11297339829481
32.95419248286367
32.032801142503494
31.700253667905088
30.70880580850671
30.169610981737453
29.921666379418966
29.292538322582157
28.842900151473906
28.489642215987814
28.293279408589743
27.852340823089634
27.825614562116268
27.57891926918285
27.121524719731912
26.70218379182337
26.486797963453366
26.21245955681297
26.093441747150486
25.441154290215188
24.378699590869978
24.103512842396764
23.660883176769715
23.50203737779459
22.733449904096908
21.62817710769532
21.468529293481332
20.705478182193556
20.609321187548083
20.236779928325127
19.89055425673652
19.402742653514697
18.234323752296227
17.194930842462437
15.314033289541799
15.163612024625774
15.089309682809146
14.703721779655647
14.483573736375256
13.635753211288533
12.554392330571643
12.543718555287837
12.40935947289952
12.304651219631156
12.072737056459772
12.014378886702756
10.247165635025391
9.80310470252678
9.698337751004818
8.410407714072603
7.693716781570224
7.666564176121451
7.46298091920427
7.097294188163785
5.668925701598644
5.622682707873812
5.275675734085569
4.6594527939532435
3.9881845985081137
3.9509707581423714
3.7007824434412755
3.660776274113681
2.897075927465523
2.7457576741095706
2.6968726395809894
2.4606445137076336
1.9450714345340565
1.856950197260546
1.5453725638157525
1.4576311220166893
1.4480256489611236
0.8531262076721439
0.3970308450528374
0.36662797154397414
0.28979640142966334
0.1854439494283118
0.16385264321783496
0.08372549918951896
0.08121003604479754
0.0715952398630019
2.588818793104532e-10
