3235.366545135975
2952.5158131045446
1413.3333133464357
1187.9349272272111
1058.1986891260215
942.3746322282171
927.2094421316193
740.9562311814336
642.7873556578965
594.9981448233245
520.1554326607743
455.94769836534266
366.7079917293795
361.09764465171236
360.8236419478502
353.55910237627467
337.9525642165071
335.9977918265193
330.79256549313936
292.2222960251122
286.3278975959185
285.70600596512867
283.8364153366574
279.9400933428892
274.4481842527465
260.00415282222906
255.00256283518794
225.00198127577394
218.91506386465176
216.85760816645282
205.11686748520967
201.18523492080425
199.71221042055626
198.89777890916343
188.01774954754026
175.91340431664798
175.76127900571257
173.50140368179896
170.35771723814926
169.0688081002936
167.43628893694057
159.15742097805676
154.3926093240797
149.4751167038981
148.4329113514935
125.70689778322982
118.34010313275543
110.78865529596156
103.92893864239646
101.00968889742573
95.37928400936104
93.8033205170789
88.61371897148638
84.07043794802688
81.75714532237994
79.85587540031582
75.56308617066621
75.3755879201665
72.77851631849637
72.63189795934105
69.83769522706062
69.49381882849366
68.9724596340166
67.95754251605464
65.67589811781747
64.41265385660127
64.34263623820571
63.27941060269583
62.285563510391746
61.74991428925459
60.675055919815314
55.49357084221324
54.27998349052686
53.65721266541158
51.96102947937024
49.45002605175605
49.35256227567653
48.43187551795164
47.91081233326133
47.22464676830197
44.304919601972436
44.29159072408586
43.06311364791345
41.371686721440625
39.61685356396989
39.59982073415798
39.53477616467249
39.15822080167361
39.156602597975635
38.95231386742649
37.43479930516969
37.283204284236376
37.25275845940072
35.17773236209819
33.44010307503325
33.30880721642337
33.285219240588134
33.2519066264423
32.48612269938821
32.41125175590502
32.070759395243684
31.886009433720783
31.704621035611048
31.673105147372723
31.403798241456574
29.959286786754706
28.756225163864798
28.343867498407658
27.363289074340667
27.051290099053897
27.039067769760546
24.94407622807784
24.293771596461482
23.266152543234146
23.232375995127903
21.25996562397805
21.111644243930165
20.29017070469468
20.15425107145721
18.362508652097922
17.914859892181926
17.76818061612542
17.26360115023749
17.18953361363884
17.16691330397707
17.085623058359698
16.91467163717196
16.7453504993686
16.63862395101005
16.576185036767253
16.2570651976632
16.250975790957927
15.477756515674809
15.40917554512008
15.098324905303494
14.870092097029474
14.22564655261964
13.509741477068559
13.493729265734771
13.288773659602931
12.934892456457865
12.637781601689197
11.699641639803614
11.697210702384073
11.521285108615782
11.48497759970907
11.326511730759217
11.205014740042479
11.171947001417795
10.907962056136608
10.828082585464122
9.456950595120961
9.388197974592513
9.160633786984555
8.61373578824379
8.305938361668913
8.114678283622995
8.09900626670619
8.088442859340978
7.909450075305576
7.706171569165229
7.642500719913348
7.640144609340824
6.654039667579
5.944371340464681
5.627723506618062
5.62731499330602
5.502557594202042
5.353491979585252
5.102904287145437
4.996518791853601
4.8677429681358175
4.77755019269498
4.76296197364627
4.436377518951803
4.266145370297998
4.0530247794104906
3.8964787189120758
3.7418480217482495
3.7356094848972745
3.6904085917303693
3.663200074327823
3.5880443396976403
3.57760987966145
3.5431477244238954
3.3758733181842713
3.333977490928385
3.3076020500928824
3.044711959373433
3.0068665853416827
2.942442410630183
2.839724617996448
2.7891666108931403
2.579089317568976
2.5006604082228003
1.7945170410780913
1.7809819279896828
1.749041180841566
1.5146494202307512
0.7901411742823442
0.7074696513184364
0.38435300131007044
0.38118206693013806
0.27673149200182956
0.2730277396350828
0.2480595126146203
0.20039957779171125
0.19407868934031297
0.13826916850652082
0.07400504179494025
0.06544143641256342
0.042001791346112684
0.04195388343471229
0.03894233748618027
0.03454089257577213
0.02659141454087477
0.02282470784784824
0.012937396619566246
0.003596982531263716
0.0032024111699177024
0.0012279633703002862
0.0011510941244908138
0.0011498128967340733
0.0009947855170732835
0.0009947855169959304
0.0009463601714720592
0.000923041842416499
1.5038767822229758e-09
