3659.9471694812837
3310.9677487660138
1539.8746242040213
1353.6093516563103
1152.2322367560218
1124.2262248796997
1015.746101126327
816.6222961284017
787.9408447163436
695.9459430717953
695.3621956768542
488.42966886366446
458.406836828992
399.81556072594776
384.8652086857139
371.97281127688615
367.76783752032725
357.3794641064294
339.58615688194766
332.7921454701663
328.611754332221
323.7287629984891
312.96535949554965
302.89989826898807
292.81048485053304
291.62091767074264
290.78646044988926
237.19866367883412
212.2480113133984
210.6889714406127
194.9915475285102
178.2221033736349
176.5003194959341
175.60511456706877
174.8081472606405
173.95842738633885
171.73634001567763
165.3776853825831
162.50493559280275
155.20396225849066
150.7980029679043
147.37334433453262
145.2294144304408
144.853697594139
134.92395525391547
132.42172318227304
128.62754801829598
121.67027649595438
119.32637273778717
114.88542809320744
113.95453827128988
111.16870038999974
110.12405931870316
102.29847777038187
102.02375111711002
93.52056021717141
90.77702585991332
83.52328702951598
82.48185796279085
80.65702023403178
79.27158035999061
77.69100264289837
76.32947890479224
74.3384076994575
72.74124695317919
71.78180502223294
71.73442905022115
70.49493020642086
67.84693854816176
64.99900052458175
64.20624329369626
62.00785484863886
61.41788909891887
59.37742907662376
56.28228873681237
55.79661086865417
51.0392889071779
50.65606135977515
49.42720664710499
48.18546330340878
47.79639847286884
46.38994752449411
46.3528502282424
45.91313464396145
45.20529897964211
45.014072638112005
44.272695196932425
43.642847307897654
43.165973627003794
42.8390870176801
42.20383083418199
41.802002445828734
40.09232056842592
37.26471936923704
36.10890445363474
35.77050222351557
33.43088658781644
32.98998199432277
31.025020174801
29.282587840602947
29.12136679639369
29.068104785033594
28.92339356278389
27.90861925963239
27.845938106226463
27.487448690733476
27.269572100576255
26.34920381188083
24.560506696162445
23.77389102199092
23.024103194904235
22.7320696660995
22.635680594177884
22.04442734692829
21.93792268379806
21.477929712304423
21.314117003959012
21.088636346194836
20.987081941758674
20.25170530124021
19.75354328547676
19.73119404582999
19.161743944685433
19.12794610541874
18.792388825993225
18.717567189569866
18.364086267762623
18.003123137577766
17.76569412380892
17.66441563898923
17.292988207507662
17.035029721688296
16.982616567595276
16.380473026857604
16.23644337813492
16.046555151570637
15.615389006007922
14.908174873392996
14.868181977137573
13.066498504712824
12.93786868823451
12.676638649501127
12.23325338361776
12.198613957341829
12.023314628228746
11.513931274599269
10.564164237848429
10.369085056442577
10.26094668890052
10.052043352185734
9.456134535346509
9.32350675994228
9.290320470984508
9.131742787885564
9.055009286996137
8.747046930862783
7.903405002817171
6.364988686939132
6.080009331681008
5.268827861848122
4.260946306736449
4.0735603429824225
3.526468948987895
2.933146594281946
2.8280002796009125
2.776712232298591
2.1686026279274873
2.1197233957862758
2.109766890275105
1.398500001432801
1.3597714879959293
1.0758019633433942
0.9365073065671075
0.7695076702738636
0.38500864820247654
0.3684802432259195
0.20999282720781745
0.12806549936395945
0.09444077533702923
0.05225760149127807
0.025800086021860326
0.021596588014813102
0.0
