3084.766902391677
2753.4380689932586
1266.8501087986378
1005.6448997414086
915.4702561743289
908.8472996061554
736.4307827660851
724.2821156654383
610.0458095092621
589.0003313883359
522.5481194938926
514.5105507834842
400.7656974556864
340.69910030085083
314.42410573372814
314.23854132826824
308.00890147762175
305.15740705886896
297.4759753674249
295.81579494602994
286.72941407471234
264.5813415862457
262.62380241821324
256.4613257596968
256.06368988410304
245.4376115547012
241.89757137678484
215.39530601446282
208.26107931851735
199.23836159762197
191.2654523208962
182.46683591586142
179.29031101250757
176.22488993493155
168.06635848038027
163.25018988611387
162.89383715170905
156.49998552015464
153.36820021145004
144.70627539465133
143.8335799993955
142.63612613649556
141.15993872254666
134.20077808656657
133.88358571878663
123.4039876052047
122.53281715264409
116.6931271214566
106.7052311864227
105.04654532229006
99.05295407683259
94.00555350995906
90.18572007291677
89.62071393769497
86.19359615482966
84.95989777352665
83.82143607437378
82.71426500522668
82.37862558294056
77.1735622367683
75.73137933916992
74.81626188664536
73.49613891264833
71.59149969155554
71.21323996983436
68.16132675500803
61.84628318865827
61.410746567182834
61.146759477272916
57.288519787669905
57.10249875060239
56.11500191504518
56.05037118354746
55.67057487588761
55.11927137170206
55.06216983206884
53.12917761189252
51.754762604858655
50.81752598637316
49.022714388999155
46.50027569777166
46.47627942859137
44.69303220707939
44.09319243467268
42.46103237072809
40.202175012471535
40.189594421341994
39.776360863742184
39.47433559963058
37.782229436248414
37.43220911290082
36.896161131656974
35.73054064260718
34.9190457216528
34.812106513776484
33.30919951469742
31.683724310349074
30.47231838974548
29.677091054629575
28.831001548321225
28.717844542940785
28.43867762823083
27.30119850648204
26.59086684041387
26.020713103311238
25.845353372519323
25.13467805191556
24.803181329096855
24.592978592823187
24.157007807050743
23.471065943341486
21.354592707758787
21.173204433905614
21.02123817561398
20.86618208219738
19.56819247084084
18.678834285875798
17.618758914423676
17.606888233537333
17.348051857253726
17.21945937878277
16.91752658829395
16.638012694721635
15.79429511793652
14.797482189223928
14.42226083623919
14.283140533450949
14.261108737556532
14.2585516822259
14.249884318258195
13.568287956022933
12.897576428905273
12.847455363312191
12.44022877569625
12.238867140162355
11.906647572142454
11.514350908343497
11.47887149929813
11.436992059589853
11.316616029567449
11.313282263820058
11.215077858685412
10.963282114226246
10.416840783421073
10.357152615385406
9.453021375010525
9.401035182924613
9.028494588763484
8.636411021623239
8.577812481449316
7.957842368933108
7.769915168784369
7.590272383768549
7.477474002797888
7.430672687207642
7.206180974660402
5.762669310303461
5.640314302063337
5.118895147460495
4.7270422171062
3.234210940638
2.948204684550706
2.5971478190764716
2.5896820628022956
1.9712021467938279
1.3586627102268123
0.4200954732852746
0.11990711346870737
0.0755077041847664
0.023688582580702045
0.005857659015250124
0.000754361212868883
5.914510562444557e-11
