3323.1589650553524
3066.9484377496105
1399.367436094762
1257.997425044186
1047.2390428067745
1029.968581512841
953.6066133591503
750.9279511260271
703.9172243892976
637.9975605518165
630.0701441725457
537.2821114916735
448.28434566790054
370.98722924770937
355.0273679038646
346.0970602060477
337.32344758572043
331.12732355900437
317.7911056691548
311.0820214780382
295.9369468205015
295.16725882802916
293.4390648269481
291.7557269923858
269.89181989803353
262.9319993481013
262.43172631407276
196.7978089015339
194.65624302034934
185.53819448663722
181.31034643553815
180.85866037343365
177.8908658778642
172.7584365871825
162.46790077872618
162.3895403070572
159.54337161735162
149.26245450330956
144.66053076298846
143.04946460825533
135.63957813265802
125.88748124383096
123.03259969369753
102.14740394071644
101.59910723852465
92.79518880858971
87.97987776794041
86.61487174422362
86.44414849864907
82.91461798112587
82.5650826679825
81.67737461378307
77.88498821212384
76.0629364658182
75.65966539724886
74.36412168493568
72.4569916913323
71.57993297838131
68.60392927762264
68.35335143558554
68.06567640219845
66.68157064266701
65.83059885981571
65.26919559083541
63.662690739355355
63.629489679032694
62.786476604686875
61.50893396022586
60.74296972595628
60.68737700734371
59.77859344594758
57.79508659372447
57.473417759318295
57.04545846829754
55.89460379589623
55.49503323107569
53.51635337668975
52.46079747559475
52.29928295042193
49.49000501554237
49.145034488826816
47.20185740811624
47.17521142056609
46.51369837576594
46.168645855651214
45.842865982889776
44.21924067737154
43.4262385424071
43.03604452132926
41.3088557562631
41.24265138908073
41.00516279219404
37.72329804107518
37.58008668760203
35.87922894064242
35.20837720779913
35.05192698734362
34.12287208428319
33.530163130795394
33.34135112626178
32.37935281595034
32.101118447877965
31.585069503228514
31.55870230895398
31.55658649693224
31.42336564195601
31.114605729621932
30.696884106322624
30.400174654885085
30.232936944633853
29.757220661653932
29.50996988548005
28.571254580678715
28.002357964659172
27.959663619971106
26.72760449312627
26.62156320727237
26.526826468470784
25.519118887870015
23.959992381013368
21.34923133065949
20.536818241606863
20.280453986854788
20.091859275016756
20.09102683346446
19.062268893902875
19.002672723699842
18.355629008024376
17.406556493782478
17.00259698523717
16.408678019688388
16.303934470334642
16.286359375772488
15.63188511101927
15.274988086456961
15.202123944274089
14.894402539768382
14.46986209328563
14.360204974526805
14.267542415162808
14.064987564307414
13.697390994602559
12.91872710445661
12.914153795496274
12.856447870864763
12.411680731225228
12.372406132966407
12.157690342743836
12.08622140093371
11.91635239301598
11.875576849196978
11.692588670292526
11.35751735722614
11.327159160469021
11.000787160422446
10.971048054828557
10.896093369129646
9.134706862529914
9.084322359731965
8.132669676000509
7.842683552018755
7.484045595823811
6.672561653423731
6.608591870372559
5.08457665373039
4.851228657457976
4.72710511739017
3.8226397922194066
3.796080670062532
3.1262624836254207
1.575761849266261
1.5536103938886598
1.4218533207931237
1.3875287609888614
0.8783646707623954
0.865006715703491
0.8015674704605407
0.7630080351067038
0.6306493201774931
0.3116096159331928
0.3098215294599597
0.289043338147009
0.27608265356715705
0.15903102531841828
0.07356690533422183
0.005802860671239227
1.8450718816984431e-09
