4097.328834091504
3080.8484296860734
1362.7197475184942
1318.7933185029485
1275.5507364736125
1010.785192246482
957.4902611910649
920.2463238671224
781.6919937171507
724.1605711770952
645.8876282580259
444.867427782732
437.95050335288107
352.3477524467703
349.81993080458784
349.78640344823623
332.3424142276009
319.0072526923405
297.7505666176567
284.87259131746316
283.35954927671224
265.77605068440084
263.42596927795523
259.0947590806436
242.13179342477906
234.83691425790389
226.6751434466147
203.72879606606756
196.47419506586863
190.78600702793057
180.65577437083547
167.63236593517334
165.72461935907606
162.98952564143008
154.78576693049533
153.00592946532063
150.47201256972284
147.61923700818198
146.04838685007684
143.73164287390307
137.36727418773862
124.60777619137411
119.02958796649885
110.50587187446366
98.28088745995673
97.70819341147013
93.0374274717505
92.95996014793492
89.49169069407422
87.77617567473516
86.64291527834257
85.31950748198933
83.75489190773132
83.26103359608251
78.62743284891206
78.36388717077062
77.24310832590974
76.09894109774974
74.76310539110176
71.8163697687719
69.06117045895924
68.38820044478325
65.75242594647212
65.43660107380873
64.04912697928836
61.81186625929717
57.33976069958922
56.91621111658042
56.04519731251597
55.949452206643954
55.85993527628545
55.59648651561054
55.06896453243965
52.08913226413256
51.86508137796896
51.06004263679762
50.16159562267542
48.65528132968418
46.8189779588171
46.30333219330174
46.21622387483932
43.82010136836539
41.77967457240479
41.77775236301367
40.45057122883657
38.55323465020085
38.02924794104383
37.014015138704636
36.65893132711879
36.005241078795976
32.7207049552177
32.57362342215001
31.986881027273064
31.29453041745618
31.262611939629988
30.788386130445602
30.71943460863411
30.269656747589682
29.56065623058155
29.489303013118068
28.24445121314889
27.430802695432973
27.238673964862144
25.273965914869837
25.08817339398102
24.87199425878473
24.15970660292962
23.82783041321982
23.345322021843995
23.20972352094701
22.719391789423963
22.554174410741524
22.50826324852246
22.448667416162042
22.107812457189162
21.72426407602019
21.287566171656945
20.001556752219855
19.849258656612516
19.790939631047365
19.424173618754885
19.26112711148277
18.01801420326469
17.29940360802087
17.26209206122676
17.003875255582468
16.821912122107435
15.430324683369674
15.430038638156029
15.353454452027025
15.314683758096958
14.581133836258987
14.500885205793162
14.385181287204327
13.976622293975137
13.924660589871154
13.785914849602987
13.554522453188705
13.180500818031494
12.55362414803383
12.200168838239216
12.131119145709627
11.947709962804742
10.985002172760659
10.626482372305059
10.061558346911326
9.87611875209437
7.700851648092126
7.42536275324098
7.127163514894824
6.708113895090707
6.5589387393754555
6.443553273783168
6.208066949305971
6.098029257257894
5.788213734782668
5.336883784879449
5.17507783971546
3.805984077230136
3.493399479159717
3.3628530376645394
2.9364840371220686
2.773214616977634
2.723714143343533
2.6607402161325413
2.5473720461137517
2.0944672432546287
1.993379587542012
1.7436570849710418
1.6137741417665297
1.5840052482985496
1.540320709714498
1.4732838519119567
1.2738704087955235
1.2541697034279915
1.1273760836889741
1.1140266641501924
1.0904301125144809
1.085373088901186
1.0658329480172708
0.9387647676391737
0.5792671938645175
0.53753575010595
0.43090077318694614
0.40479944773909216
0.3880004962279094
0.35178797689146546
0.32724809517857156
0.3270854138672166
0.24401637032830162
0.19965689517805543
0.18369436590020585
0.12272409623660874
0.03148192917112563
0.004731169631319063
0.0007003071939855584
0.0003343144727411002
0.00023655472619222786
0.0001716818414719413
0.00013083761493562046
4.3632643615116957e-05
1.898143371321217e-05
1.8585833476704167e-05
1.6503086996215452e-05
1.6014322250587095e-05
3.0365333878294326e-06
5.205895254899791e-10
