3159.379274292471
3059.5964572337266
1433.7747291533067
1167.5314157492833
983.1429652398732
918.889553440086
905.1489598255893
703.9435446105095
668.8378224032491
645.0886459768795
617.5107755773665
541.1175257806809
409.7601552546484
383.8853019538421
362.3124824491854
328.44265677313996
304.10893630935107
300.72846644045615
296.4767986566445
291.9790889342605
287.9528250104063
280.8517248830645
278.7102652620417
274.43572714887034
271.4411437870343
257.21991757733747
239.0955426970927
217.8403111218782
202.24528291797483
195.70798451654397
173.72411517124237
172.42777410411585
168.10601991314542
163.91499087402246
161.70663487583008
161.04298484610746
155.91862480146492
150.6140720819411
140.5995373805844
139.21305963925198
138.14277080226708
133.52925343452455
115.78663269700054
114.74480004758846
111.56008181801182
109.61886996289549
109.41999385804966
91.29809972668389
89.93360014553502
89.58269530380751
89.54840102585955
86.55923590642648
85.9816764292576
85.8120619663687
83.85623665501099
82.86571979281331
75.13204341083357
74.73956474334464
73.7364964342635
73.51085867351343
71.35533258336577
70.072054326799
68.49066666949268
67.81495841331206
67.47299208453549
66.7126939418704
66.220396915246
64.97926100723532
63.99312625912981
62.92845067821311
62.8292492636173
61.493165732492095
60.26073800464541
58.559924583139505
53.60416393606087
53.25339638994828
52.86970603389048
52.49835077774579
51.90307494095598
51.34575723623904
48.65249056843021
46.823351469958475
45.848654173031925
45.22360973866501
44.945682487297034
43.19916693514873
42.08212957399361
41.264502748701744
40.452089848173706
40.05280904842782
38.63769269018131
38.427319317059045
38.35102951467103
38.29460054017336
37.64630337218608
36.80311901268142
36.37088819460776
35.87420133789146
33.37456342413541
32.57405849900593
32.22617945224845
31.044672454745267
30.080455156319537
29.50735020301172
28.746413604665673
28.27573749121147
27.89192063200148
27.669596851459957
27.068544141901544
26.491569868519537
26.477143033141207
26.14232705122369
26.090908416374287
25.572131873314373
25.183497051569432
24.65564000837207
24.424215328797416
23.862749647750345
20.07608754269166
19.608382477514297
19.340804981394896
19.26521016072822
19.053301084936027
18.84478978977772
18.56778643386162
18.1111929011146
18.085084821364983
17.726681597840805
17.720993268549115
17.6258449330599
16.607387617898752
16.28430289458976
15.803389614082663
15.553390660209077
15.452623526396188
15.06322887462981
14.948538874871785
14.44922576752773
14.001234616934665
13.899344497446101
13.892367127640318
13.871398384415315
13.352011480526064
13.224133336152866
13.218733816981722
12.973708378693848
12.746814137566881
12.355428207407165
12.177782148851124
11.80949451323504
11.523435306423508
11.25606933492953
11.201658782966303
10.966129713240349
10.647132341213386
10.630379949902347
9.727651014436876
9.716213569347328
9.283915243298889
9.06509864205812
8.12385384990862
7.849358963386143
7.840475552252932
7.224088890132334
7.137404446426436
6.548298780132282
5.878731595812599
4.9143363317316595
3.1649457382888535
2.2147605469393334
1.9135142268671377
1.7591696505227692
1.38658038708391
0.9795260769899184
0.8976597658074281
0.6260903004807123
0.36012506194355365
0.22969354608845868
0.22073465341736118
0.19662691640464297
0.16139526170298607
0.06950823913916038
1.99265992155941e-14
