3480.236990858348
3091.6002024931795
1381.382618478349
1265.7582530602233
1049.4487334120993
1039.6425472457156
996.7281146623363
796.8772271246032
719.9723080478876
618.6732147301252
586.399525131933
469.5699401125914
441.72966591583435
414.64946920156325
356.93163678426924
347.4042562398534
345.59151387614503
343.30665789356226
336.86384291687216
332.2169719043028
312.13896298118004
299.4381870338054
297.46190187797805
292.41627859627914
281.28482371726017
277.9670138126375
272.73398017608804
246.32305270217608
224.7399930379176
218.58610563741706
216.7286558274333
200.69350589609883
189.98210381669392
184.3801631191469
179.6027783814876
177.14815564278967
168.81291825247376
167.40453101909236
161.34890225612014
155.93692012007722
147.19501801352135
135.41986481732982
129.1218763892814
128.74311445162175
114.75041886576844
104.03093693902095
100.64488047808788
99.86981226264196
95.5986022422708
94.05346182952479
91.47160617931455
89.26347736156023
89.09958359495302
87.4481761619882
83.4553896239124
80.25696008090094
76.28921062360267
76.23504414579145
75.11386646897334
75.0547191974174
73.77354025029332
72.91204184993889
72.3824517857009
69.76718791845572
64.66175024149241
63.74590424833792
63.40952989943455
63.05327954969918
62.940505863346274
62.28047003882336
57.70802665792373
54.38090542060756
53.6087773042012
52.061894410919
51.978796432833086
47.574384542754885
46.59941238305554
46.28646882381841
45.932622322333934
45.519954421293825
45.376282818881236
44.762317600979166
44.25544658765434
43.08485158874729
41.96231889771192
41.524669315844434
41.44614762281609
38.41956729311482
36.804826123688926
36.10133437702594
35.94000803530594
34.842366874963034
34.712184384320004
34.201104412964945
34.07437233226072
32.76403768287062
30.854879034511697
30.684505063867363
29.816645297623076
29.033037781091895
27.071580109427313
25.755462299141037
23.710135327541764
23.65190461789581
22.73500777517908
22.248343103755506
22.170533350397925
22.1561514023264
21.810027292265698
21.42573381525124
21.423667549446847
21.131510139800444
21.112035901471465
20.304867620405012
19.815165054838722
19.58492637655242
19.576284954546576
19.489389991080763
18.12385436186893
18.01682440728636
17.293805090211194
17.213169324248522
17.024648259494214
16.977641844843305
16.705232569247578
16.479695522683297
15.715367395654466
15.616519643132168
15.28401150885629
14.69218538056072
14.085511994929496
13.956831606764139
13.275198421334157
12.776456245398572
12.593598014912436
12.539628964164132
12.437234385899037
12.425231002968301
12.41224652176095
12.040001157602848
11.200294911363214
10.867327826105392
10.663199888095585
10.637348499805436
10.60653623809326
10.054855314780568
9.190357499217495
8.77625770285843
8.678725013446499
8.486317948735845
8.362708549893364
8.297953437830357
8.268382358922894
6.876419022423972
6.55103815618913
6.40166426979199
5.023872406971693
4.9344281787387265
4.186997345018327
4.1121220052348875
3.689897731029664
2.3272185448599254
1.68728371564975
1.5747169693896592
1.4303430054176343
0.5304720632534089
0.5249264475829141
0.4424728054718855
0.3811461878029029
0.3368867384090492
0.21505882215987476
0.026043723713146543
0.0054689434093120725
0.003063262558032354
0.0013037127827161576
0.001222101701241042
0.0012207414383455912
0.0010047383192664351
0.000979981551693761
0.000329601173515767
1.2501291228590891e-11
