3340.3002922252726
3103.7728782327154
1444.7529774913926
1234.7947375254919
1048.8746682886083
1042.9571381044404
960.1170048498103
769.374158018002
715.1847996218034
634.532280010213
593.2113357872017
583.6070025494848
436.077838692385
421.63934707759216
402.1130602964238
384.66117120298975
360.1625125054939
358.878740476871
354.06998001225304
345.6995942494398
317.65357798708817
311.07368095622894
303.2621780533703
302.0267510618906
298.1695794042825
296.7655017801327
253.1033722459001
247.17015215996315
233.26842112460417
215.22556063764029
210.10043327994785
209.81714422614343
199.28641634470335
197.44363535038198
176.02488530186733
172.1728483020348
172.13663513535533
168.44023022691556
164.06014446192276
161.49787505751812
160.98393779620125
155.46952404180132
150.49572241691112
148.95993562348175
146.5924956993317
126.9833229239113
113.17549853498244
112.64572097427096
108.74426625961284
105.99258914977965
101.23138465167807
95.09520848842281
92.93401657017837
91.69256136626075
83.60152025383432
82.15478354957419
80.12200902251742
80.10670861670174
73.16568246140432
72.49415809693366
72.3985446753332
71.24179253673084
70.16780309754041
68.7485606099463
67.21784355081452
64.0586059712641
61.235051113242534
58.157359751989596
55.94987879181958
54.85287296594851
53.836333893770494
53.8177496161814
53.47748838058498
52.911916635721056
51.93105576749123
49.06785048164499
48.18170886815822
46.503549809872695
44.83675031725496
44.59637972393193
43.62078908678349
41.08345987045781
40.7854947119215
39.79125291750813
34.47297996442079
33.91858117698004
33.83971942352306
32.060590228796684
30.973211808268335
30.71228258733403
29.321627756948455
29.125228321891324
28.924412156261415
28.780405299015104
28.492794645132363
27.603723068985683
27.305778720123698
27.14022462262907
27.1366231362332
25.87557192555322
25.62369659676799
24.78549432516747
24.770743414278723
24.499128587271972
23.83520641576425
23.713003051943527
23.488685712407182
23.305082614690214
22.215264635799734
22.175824144000174
21.807822967070535
21.236832792017573
20.404860042424904
19.68568239218484
19.23748223154137
18.66549969396749
18.54605598234243
17.587723397422987
17.29409708240325
16.707910548371483
16.61812298097996
16.123810036993877
15.921367178031396
15.030722918089898
15.000858985838123
14.93363270490859
14.625577443724548
14.227597984785186
14.118942631127936
13.659212459304658
13.290219509431644
12.941514030694371
12.898783282483892
10.792844041404598
10.277232185464825
9.97451902885301
8.329681341233718
7.348325871219093
6.444694836643006
5.982061658366654
5.563353235905659
4.1390469766987374
3.2953590088433913
1.3268033934074928
1.0468248309944135
0.8891699539123915
0.8117207692656895
0.6192865764336957
0.15032272477602462
0.13056377032908598
0.04069651849244079
0.02154864223737802
7.548927992510645e-10
