3201.8211946281226
2952.8196351589327
1360.6202967417541
1113.2834481361474
970.3577938236546
949.4163627833133
869.9877011553807
698.6514929725248
659.5015120398133
635.2045926352849
563.5745737895454
509.18392292673997
423.7138442117194
400.4811954945845
371.94656379970473
363.6158615746077
351.34637069886867
350.802077465001
327.0727426778628
308.0658782298534
294.6492720943421
285.50147924789826
282.89015662826415
262.509026037789
259.2418033565101
256.0155549508197
221.63468300874254
218.5498420116585
207.64754377084878
197.19900179604213
181.8726170368811
178.07471721097252
176.57161078834946
172.1993925169136
170.09869608309964
164.08035574703922
156.8401671035862
155.7025426017844
152.3094748649315
142.29183656561398
133.12569272124549
132.1209132334953
131.13038000822715
130.98719008606133
124.25018407766714
121.19295507975377
114.62741546600981
109.59037859143328
98.76837311386048
97.78945837045295
94.50264299905669
89.89801216868548
88.21851648347949
85.23775054398709
84.86400736537324
82.37208297852388
81.94740513578968
78.25467005211264
78.22502105524205
75.75981994687058
67.65113615163591
63.31467903843648
61.53008438273906
60.48631139811174
55.39882445556845
53.248918206525516
52.995531746201536
52.51403107395012
52.241108407807594
49.29876349601391
48.21396871737131
48.18670402446915
48.045239080563164
47.25809804284512
46.65391934880827
46.60320496253229
46.46843743668913
43.38472541864579
43.29393111993443
42.931853230074694
41.20972968654419
40.82446464650876
40.13089678706897
38.684491529904165
36.5834213960345
35.44662901921824
35.42627709290299
35.42214026922489
32.94603089673777
32.30804914075033
31.356632089531885
30.2119994530022
29.50556425989803
29.190991695031446
29.06889311890725
28.804636648083974
28.388388362944493
27.55184828823356
26.387026820882905
24.460036928029893
24.030864307395525
23.97426822085051
23.660449769426464
23.55508184381451
22.616433084712
22.206449425264417
21.916753168696797
21.733165200519817
21.42178513984446
21.278430915474985
21.264411596146523
21.135307094725007
20.39896831155127
20.37819119063064
19.91913874548806
19.89132233875687
18.500505349860703
17.471776452183974
15.718445197325998
15.347152564268809
15.257615187990409
14.969713778722753
14.783582487220794
14.355674099819272
14.20825773773611
13.827836461143187
12.839527523923222
12.277013961942247
12.235370714145521
12.226838423150198
11.91755600258359
11.787944498522693
11.523261017392077
10.650215843646905
10.560901714700762
10.112295712449965
10.011756700430965
9.984228203516148
9.935772439279027
7.631891925868222
7.417544421044849
7.278843762731295
6.694744232924327
6.278318636785074
6.093403605319891
5.712808165248139
4.865808167374689
4.693607624694104
4.5975141278373055
4.575868729213798
4.032104170322811
3.9714858864667204
3.278606427239484
2.7920212108288838
2.730122187069611
2.6494065257039834
2.195532858555718
1.5193284086254941
1.3970708339698523
1.068511130219309
0.6485996568698789
0.5171015417050429
0.507294052058294
0.4280101651354508
0.3198898610666858
0.2014934158456552
0.10498076476679166
0.10311170386139178
0.019293328200076294
1.8225978254568985e-11
