3571.9288506644784
3396.045653963273
1521.5010261717555
1345.9683795955757
1137.2448101104071
1070.0596445478523
973.4680825992592
796.8969717579646
729.2541858131934
726.8051099853009
718.1017427616879
523.7381536352026
446.1130007399286
416.73495405725123
395.6312563266234
386.72058631810114
360.2629809818981
355.87942806563717
353.046680837916
342.9574209790691
330.28677434131976
299.4294201104525
296.86035159688606
294.2724324541097
289.6035302307777
286.2871357205883
207.47716038274874
204.61001138317093
204.54677998841095
195.58375726966676
183.33063589743725
179.43644132524125
177.73477165048405
177.62504216909448
177.46137304962394
176.95412250809034
172.44145059236567
169.47803766146282
165.7209017229331
159.16127066043046
155.4439773709217
154.77158637060103
152.26802177321306
142.4565629047381
134.93080986252812
128.3778329675629
128.22718518350197
127.89993027446515
123.30001736240499
115.75904651648848
113.61623744863952
112.02386044831196
109.05868758196632
106.0024270009606
99.4294493105509
96.5492449049512
95.52505551256414
93.5469536473883
89.51997141706637
87.92605539981207
82.21439099001381
80.15807874004257
79.35055207146628
78.8890298722894
78.74991351353853
77.71395696163114
76.92627576966488
75.48290996271838
74.58457298153897
68.04316107350908
67.91592386665488
67.23635571797298
67.22296276042968
66.36808919643703
65.95456839483137
65.32724241299701
64.55818348594943
62.35635052152293
61.545266703190016
61.50767315412637
60.048890235034335
58.43730072230297
55.098065805650144
54.054127321388904
53.874231225583706
52.90238309121455
51.05296817430936
50.429992293072125
50.167573132895164
49.540570304765666
48.3973643978409
44.20006677448449
43.45128090912779
42.66990574764254
41.588596455033795
40.55687803190942
40.37758763167529
39.49131567978708
39.301006147150495
37.96019560555793
37.899728921900376
37.69671701576214
37.45633476184918
37.12375847969318
36.889623693614126
34.20717736705705
34.0733083327222
33.02536579987169
32.27343135978976
31.37523415757963
30.483168648219344
30.417275992001517
29.706799684595687
29.369181406816878
27.36435555745338
26.537652432094866
26.413757295841187
26.384474591083922
25.973789820342326
25.75921648487802
24.972875315572892
24.845760563714347
24.361947352581907
24.26424487132707
22.074067945921318
21.136238238697484
21.012716214523394
20.599708292372163
19.978998408095897
18.509253926830237
18.405670349008147
17.986943861536822
17.63489181293093
17.601993181386366
17.55176231590782
16.99027934102945
16.784318645565552
16.692881972816103
16.308496056544502
15.82816486981545
15.23263488473883
13.34238627505201
13.248190263530008
12.465180353381871
10.142836685579292
9.888906652623767
9.729881242248807
9.131933358228919
8.95546316104497
8.12813903810085
8.105123713260246
7.833324680248427
7.4658776482205065
7.122325161459859
7.082176596274804
5.618045055745132
5.51554530959218
4.912948004446745
4.692918104790845
2.66978200178017
2.219936584631185
1.5359760925511368
1.283361196178433
0.5947562546063418
0.14447261890265858
0.0493560183837687
0.0043333878728269845
4.475052464208297e-09
