t	min m/z	max m/z	charge
35	355.0201	355.1191	1
35	356.0242	356.1128	1
35	357.0218	357.1106	1
35	358.0272	358.1091	1
35	358.9858	359.1336	1
35	359.9921	360.0672	1
35	360.9917	361.0559	1
35	369.0832	369.1641	1
35	370.0903	370.16	1
35	371.0402	371.206	4
35	371.0402	371.206	1
35	371.2667	371.3597	1
35	372.0476	372.191	4
35	372.0476	372.191	1
35	372.2751	372.3606	1
35	373.0476	373.145	4
35	373.0476	373.145	1
35	374.0516	374.1415	1
35	381.0425	381.1224	1
35	382.0429	382.123	1
35	383.0432	383.1799	1
35	383.8212	383.9058	3
35	383.8212	383.9058	1
35	384.1565	384.2412	3
35	384.1565	384.2412	1
35	384.4882	384.573	3
35	384.8285	384.8485	3
35	385.1083	385.1973	1
35	388.1492	388.2308	1
35	391.1057	391.3293	1
35	392.2419	392.3328	1
35	393.0398	393.1267	4
35	393.2491	393.3401	1
35	395.0892	395.1641	1
35	396.0397	396.1316	1
35	399.2926	399.394	1
35	400.3055	400.3943	1
35	402.1697	402.2416	1
35	404.1036	404.1934	1
35	408.0135	408.0911	1
35	409.0687	409.1509	1
35	413.2179	413.3101	1
35	414.9961	415.0796	1
35	419.2683	419.362	1
35	420.2749	420.3643	1
35	421.2806	421.3749	2
35	421.2806	421.3749	1
35	421.7917	421.8722	2
35	424.0331	424.1281	1
35	428.8413	428.9376	4
35	429.0178	429.1571	1
35	430.0358	430.142	1
35	430.8366	430.9382	4
35	430.8366	430.9382	1
35	431.0287	431.1352	1
35	431.8514	431.9341	4
35	431.8514	431.9341	1
35	432.0346	432.1848	1
35	432.8312	432.9335	4
35	432.8312	432.9335	1
35	433.8484	433.9266	1
35	440.6818	440.7664	2
35	445.0502	445.2315	1
35	445.8882	445.979	4
35	446.055	446.1863	1
35	447.0582	447.1747	4
35	447.0582	447.1747	1
35	448.0597	448.1714	1
35	449.0595	449.1663	1
35	455.134	455.2374	1
35	459.1274	459.2161	1
35	459.709	459.7925	2
35	462.0783	462.2157	1
35	463.0826	463.2041	1
35	464.0846	464.2012	1
35	465.09	465.2015	1
35	466.0932	466.1943	1
35	467.0456	467.1523	1
35	468.0498	468.1513	1
35	476.1453	476.249	1
35	489.0073	489.1028	4
35	503.0452	503.1682	1
35	504.0462	504.1695	1
35	505.032	505.2041	1
35	519.0586	519.2183	1
35	520.0632	520.2106	1
35	521.0708	521.1993	1
35	522.0684	522.1973	1
35	523.0754	523.1918	1
35	536.0822	536.2422	1
35	537.0899	537.2369	1
35	538.0938	538.2344	1
35	539.0937	539.228	1
35	577.0561	577.1952	1
35	578.0622	578.1867	1
35	579.0484	579.2331	1
35	593.0787	593.2383	1
35	594.0804	594.2325	1
35	595.0767	595.2292	1
35	596.0756	596.2285	1
35	607.1429	607.2754	1
35	608.1482	608.2647	1
35	609.1478	609.2646	1
35	610.0933	610.267	1
35	611.1059	611.2638	1
35	612.0966	612.263	1
35	613.1061	613.2565	1
35	624.1675	624.3047	1
35	625.1734	625.3025	1
35	642.88	643.0138	4
35	642.88	643.0138	3
35	667.0848	667.2991	1
35	668.085	668.2627	1
35	669.0874	669.2561	1
35	670.0921	670.2519	1
35	684.1103	684.2936	1
35	685.1105	685.2942	1
35	686.1129	686.2873	1
35	687.1175	687.2826	1
35	741.0947	741.1147	1
35	742.1031	742.1231	1
35	743.1027	743.1227	1
35	758.1289	758.1489	1
35	759.1273	759.1473	1
35	760.139	760.159	1
35	815.1171	815.1371	1
35	816.1176	816.1376	1
35	832.1472	832.1672	1
35	833.1534	833.1734	1
35	868.8512	868.8712	4
35	868.8512	868.8712	3
35	887.7727	887.7927	4
36	355.0201	355.1191	1
36	356.0278	356.1164	1
36	357.0218	357.1106	1
36	358.0272	358.1091	1
36	358.9894	359.1336	1
36	359.9885	360.0671	1
36	360.9917	361.0559	1
36	361.9918	362.0672	1
36	367.1001	367.1692	1
36	368.0574	368.1305	1
36	369.0832	369.1641	1
36	370.0865	370.16	1
36	371.0363	371.206	4
36	371.0363	371.206	1
36	371.2705	371.3635	1
36	372.0476	372.1909	4
36	372.0476	372.1909	1
36	373.0476	373.145	1
36	374.0515	374.1454	1
36	375.0557	375.1381	1
36	381.0425	381.1264	1
36	382.0429	382.123	1
36	383.0431	383.1799	1
36	383.8212	383.9058	3
36	384.1565	384.2371	3
36	384.1565	384.2371	1
36	385.1123	385.1973	1
36	388.1492	388.2307	1
36	391.1099	391.3376	1
36	392.2419	392.3328	1
36	393.0398	393.1225	4
36	393.249	393.3443	1
36	396.0396	396.1358	1
36	399.2968	399.3982	1
36	400.3055	400.3986	1
36	402.1437	402.2503	1
36	404.1036	404.1977	1
36	408.0179	408.0911	1
36	409.0687	409.1554	1
36	413.2179	413.3146	1
36	414.9915	415.0796	1
36	419.2683	419.362	1
36	420.2749	420.3643	1
36	421.2806	421.3749	2
36	421.2806	421.3749	1
36	421.7964	421.8722	2
36	424.0378	424.1281	1
36	425.0476	425.124	1
36	428.8413	428.9376	4
36	429.0273	429.1523	1
36	430.0358	430.142	1
36	430.1891	430.281	1
36	430.8365	430.943	4
36	430.8365	430.943	1
36	431.0335	431.14	4
36	431.0335	431.14	1
36	431.8563	431.9341	4
36	431.8563	431.9341	1
36	432.0394	432.18	1
36	432.8361	432.9334	4
36	440.6769	440.7714	2
36	445.0502	445.1861	1
36	445.8882	445.9789	4
36	446.055	446.1863	1
36	447.0582	447.1747	4
36	447.0582	447.1747	1
36	448.0597	448.1714	1
36	449.0646	449.1714	1
36	455.1392	455.2374	1
36	459.1274	459.216	1
36	462.0783	462.2157	1
36	463.0826	463.2094	1
36	464.0845	464.2012	1
36	465.09	465.2015	1
36	466.0932	466.1889	1
36	467.0456	467.1523	1
36	468.0497	468.1513	1
36	476.1509	476.2434	1
36	489.0015	489.1028	4
36	503.0452	503.1682	1
36	504.0462	504.1695	1
36	505.032	505.198	1
36	519.0585	519.2183	1
36	520.0696	520.2106	1
36	521.0707	521.2057	1
36	522.0684	522.1973	1
36	523.0754	523.1918	1
36	536.0822	536.2422	1
36	537.0899	537.2369	1
36	538.0938	538.2344	1
36	539.0937	539.228	1
36	540.0965	540.2243	1
36	550.1549	550.2788	1
36	577.0561	577.1952	1
36	578.0622	578.1867	1
36	579.0484	579.2256	1
36	593.0787	593.2383	1
36	594.0803	594.2325	1
36	595.0767	595.2292	1
36	596.0834	596.2284	1
36	607.1429	607.2754	1
36	608.1482	608.2727	1
36	609.1477	609.2646	1
36	610.1014	610.267	1
36	611.1059	611.2638	1
36	612.1048	612.263	1
36	613.1061	613.2565	1
36	624.1675	624.3047	1
36	642.88	643.0138	4
36	643.2215	643.3554	4
36	651.0792	651.2152	1
36	652.0794	652.2066	1
36	667.0848	667.2991	1
36	668.085	668.2626	1
36	669.0874	669.2561	1
36	670.0921	670.2518	1
36	684.1103	684.2936	1
36	685.1105	685.2942	1
36	686.1129	686.2873	1
36	687.1175	687.2826	1
36	741.0947	741.1147	1
36	742.1031	742.1231	1
36	743.1027	743.1227	1
36	758.1288	758.1488	1
36	759.1273	759.1473	1
36	760.139	760.159	1
36	815.1171	815.1371	1
36	816.1176	816.1376	1
36	832.1472	832.1672	1
36	837.0142	837.0342	4
36	842.1867	842.2067	2
36	868.4663	868.4863	4
36	868.6587	868.6787	4
36	868.6587	868.6787	3
37	355.0201	355.1191	1
37	356.0278	356.1128	1
37	357.0218	357.1106	1
37	358.0272	358.2146	1
37	358.9857	359.1299	1
37	359.9921	360.0671	1
37	360.9917	361.0596	1
37	361.9881	362.0709	1
37	362.1397	362.2078	1
37	367.1039	367.1957	1
37	368.0574	368.1267	1
37	369.0794	369.1641	1
37	370.0865	370.16	1
37	371.0479	371.2099	4
37	371.0479	371.2099	1
37	371.2667	371.3597	1
37	372.0476	372.1563	4
37	372.0476	372.1563	1
37	373.0437	373.145	1
37	374.0516	374.2114	1
37	375.0518	375.1381	1
37	381.0425	381.1264	1
37	382.0429	382.119	1
37	383.0432	383.1799	1
37	383.8171	383.9058	3
37	383.9787	384.0512	4
37	384.1525	384.2412	3
37	383.9787	384.0512	2
37	384.1525	384.2412	1
37	385.1083	385.1973	1
37	386.1166	386.2425	1
37	387.1125	387.1856	1
37	388.1492	388.2307	1
37	389.1035	389.1894	1
37	390.1068	390.1806	1
37	391.1057	391.242	1
37	392.1752	392.3328	1
37	393.0398	393.1225	4
37	393.249	393.3401	1
37	395.0892	395.1894	1
37	396.0397	396.1316	1
37	399.2925	399.394	1
37	400.3055	400.3943	1
37	402.1437	402.246	1
37	404.1036	404.1934	1
37	408.0135	408.0955	1
37	409.0643	409.1554	1
37	413.2179	413.3101	1
37	414.9915	415.0796	1
37	419.2683	419.362	1
37	420.2749	420.3643	1
37	421.2806	421.3749	2
37	421.2806	421.3749	1
37	421.7917	421.8722	2
37	424.0378	424.1281	1
37	425.0476	425.124	1
37	428.8413	428.9376	4
37	429.0273	429.1523	1
37	430.0358	430.142	1
37	430.1939	430.281	1
37	430.8365	430.9382	4
37	430.8365	430.9382	1
37	431.0287	431.1352	4
37	431.0287	431.1352	1
37	431.8514	431.9341	4
37	431.8514	431.9341	1
37	432.0394	432.1848	1
37	432.8361	432.9334	4
37	432.8361	432.9334	1
37	433.8483	433.9314	1
37	440.6818	440.7664	2
37	445.0502	445.2315	1
37	445.8882	445.9789	4
37	446.055	446.1863	1
37	447.0582	447.1747	4
37	447.0582	447.1747	1
37	448.0597	448.1714	1
37	449.0646	449.1714	1
37	455.1392	455.2374	1
37	459.1274	459.216	1
37	462.0783	462.2157	1
37	463.0826	463.2094	1
37	464.0845	464.2012	1
37	465.09	465.2015	1
37	466.0932	466.1943	1
37	467.051	467.1523	1
37	468.0552	468.1513	1
37	476.1509	476.249	1
37	489.0015	489.1028	4
37	503.0452	503.1682	1
37	504.0462	504.1635	1
37	505.0381	505.198	1
37	506.0998	506.1993	1
37	519.0585	519.2183	1
37	520.0632	520.2169	1
37	521.0707	521.2057	1
37	522.0684	522.1973	1
37	523.0754	523.1918	1
37	536.0822	536.2489	1
37	537.0899	537.2436	1
37	538.0938	538.2344	1
37	539.0937	539.228	1
37	540.0965	540.2243	1
37	550.1618	550.2719	1
37	551.1608	551.2781	1
37	577.0561	577.1952	1
37	578.0696	578.1867	1
37	579.041	579.2331	1
37	593.071	593.2383	1
37	594.0803	594.2325	1
37	595.0767	595.2292	1
37	596.0834	596.2206	1
37	607.1429	607.2754	1
37	608.1482	608.2727	1
37	609.1477	609.2646	1
37	610.0933	610.267	1
37	611.1059	611.2638	1
37	612.0966	612.263	1
37	613.1061	613.2565	1
37	624.1675	624.3047	1
37	642.88	643.0138	4
37	643.2215	643.3466	4
37	651.0703	651.2152	1
37	652.0794	652.2067	1
37	667.0848	667.2621	1
37	668.085	668.2626	1
37	669.0874	669.2561	1
37	670.0921	670.2518	1
37	681.1609	681.2955	1
37	684.1103	684.3225	1
37	685.1105	685.2942	1
37	686.1129	686.2873	1
37	687.1175	687.2826	1
37	741.0947	741.1147	1
37	742.1031	742.1231	1
37	743.1027	743.1227	1
37	758.1288	758.1488	1
37	759.1273	759.1473	1
37	760.139	760.159	1
37	815.1171	815.1371	1
37	816.1176	816.1376	1
37	832.1472	832.1672	1
37	833.1534	833.1734	1
37	834.1485	834.1685	1
37	837.0142	837.0342	4
37	868.4663	868.4863	4
37	868.535	868.555	2
37	868.7137	868.7337	3
37	868.7412	868.7612	3
37	868.6587	868.6787	2
37	887.7585	887.7785	3
37	888.1278	888.1478	1
38	355.02	355.1191	1
38	355.1817	355.2485	1
38	356.0242	356.1164	1
38	357.0218	357.1106	1
38	358.0272	358.2146	1
38	358.9857	359.1299	1
38	359.9958	360.0671	1
38	360.9954	361.0596	1
38	361.9881	362.0709	1
38	362.1434	362.2078	1
38	366.0789	366.144	1
38	369.0832	369.1641	1
38	370.0865	370.1562	1
38	371.044	371.206	4
38	371.044	371.206	1
38	371.2705	371.3597	1
38	372.0476	372.1563	4
38	372.0476	372.1563	1
38	373.0476	373.1449	1
38	374.0477	374.1415	1
38	375.0518	375.1381	1
38	381.0425	381.1264	1
38	382.0429	382.119	1
38	383.0431	383.1799	1
38	383.8171	383.9058	3
38	384.1565	384.2371	3
38	383.9827	384.0512	2
38	384.1565	384.2371	1
38	385.1083	385.1973	1
38	386.1166	386.2425	1
38	387.1165	387.1856	1
38	388.1491	388.2307	1
38	389.1076	389.1853	1
38	390.1109	390.1806	1
38	391.1099	391.3334	1
38	392.1752	392.3328	1
38	393.044	393.1225	4
38	393.044	393.1225	1
38	393.249	393.3401	1
38	394.0498	394.1286	4
38	394.0498	394.1286	1
38	395.0892	395.1894	1
38	396.0396	396.1316	1
38	399.2925	399.3982	1
38	402.1393	402.246	1
38	404.1036	404.1934	1
38	408.0179	408.0911	1
38	409.0687	409.1554	1
38	414.9915	415.0842	1
38	415.9965	416.0711	4
38	419.2683	419.362	1
38	420.2749	420.3643	1
38	421.2806	421.3749	1
38	428.8413	428.9376	4
38	429.0225	429.1523	1
38	430.0358	430.142	1
38	430.8365	430.9622	4
38	430.8365	430.9622	1
38	431.0335	431.1352	1
38	431.8466	431.9341	4
38	431.8466	431.9341	1
38	432.8312	432.9334	1
38	433.8483	433.9266	1
38	445.0502	445.2315	1
38	445.8882	445.9789	4
38	446.055	446.1863	1
38	447.0582	447.1747	4
38	447.0582	447.1747	1
38	448.0597	448.1714	1
38	449.0645	449.1663	1
38	455.1392	455.2426	1
38	459.1274	459.216	1
38	460.1273	460.2162	1
38	461.1305	461.2143	1
38	462.0783	462.2157	1
38	463.0826	463.2041	1
38	464.0845	464.2012	1
38	465.09	465.2015	1
38	466.0932	466.1943	1
38	467.0456	467.1523	1
38	468.0552	468.1513	1
38	489.0073	489.1028	4
38	489.0073	489.1028	1
38	503.0452	503.1682	1
38	504.0462	504.1695	1
38	505.038	505.2041	1
38	506.0387	506.1993	1
38	519.0585	519.2183	1
38	520.0632	520.2169	1
38	521.0707	521.2057	1
38	522.0684	522.1973	1
38	536.0822	536.2489	1
38	537.0899	537.2436	1
38	538.0938	538.2344	1
38	539.0937	539.228	1
38	540.0965	540.2243	1
38	550.1549	550.2788	1
38	551.1608	551.2781	1
38	577.0561	577.1952	1
38	578.0696	578.1867	1
38	579.0409	579.2331	1
38	593.071	593.2383	1
38	594.0803	594.2325	1
38	595.0767	595.2292	1
38	596.0834	596.2284	1
38	607.1429	607.2754	1
38	610.0933	610.267	1
38	611.1059	611.2638	1
38	612.0966	612.263	1
38	613.1061	613.2565	1
38	624.1675	624.3047	1
38	642.88	643.0138	4
38	642.88	643.0138	3
38	651.0703	651.2152	1
38	652.0793	652.2156	1
38	667.0848	667.2621	1
38	668.0943	668.2626	1
38	669.0874	669.2561	1
38	670.0921	670.2518	1
38	681.1609	681.305	1
38	682.1642	682.299	1
38	683.1602	683.2952	1
38	684.1103	684.3224	1
38	685.1105	685.2942	1
38	686.1129	686.2873	1
38	687.1272	687.2826	1
38	741.0947	741.1147	1
38	742.1031	742.1231	1
38	743.1027	743.1227	1
38	758.1288	758.1488	1
38	759.1273	759.1473	1
38	760.139	760.159	1
38	815.1171	815.1371	1
38	816.1301	816.1501	1
38	832.1472	832.1672	1
38	833.1534	833.1734	1
38	868.6587	868.6787	4
38	868.6587	868.6787	2
38	869.0712	869.0912	4
38	869.0712	869.0912	3
38	887.7585	887.7785	3
38	888.1278	888.1478	1
39	355.0201	355.1191	1
39	355.1853	355.2485	1
39	356.0279	356.1164	4
39	356.0279	356.1164	1
39	357.0182	357.1106	1
39	358.0272	358.1091	1
39	358.9858	359.13	1
39	359.9921	360.0672	1
39	360.9917	361.0596	1
39	361.9881	362.0673	1
39	366.0826	366.144	1
39	366.6625	366.7277	2
39	369.0642	369.1641	1
39	370.0865	370.1562	1
39	371.044	371.2061	4
39	371.044	371.2061	1
39	371.2705	371.3597	1
39	372.0476	372.191	4
39	372.0476	372.191	1
39	372.2751	372.3606	1
39	373.0476	373.145	4
39	373.0476	373.145	1
39	374.0438	374.1415	1
39	375.0557	375.1381	1
39	379.0496	379.1211	1
39	380.054	380.1218	1
39	381.0465	381.1264	1
39	382.0429	382.119	1
39	383.0391	383.1759	1
39	383.8212	383.9058	3
39	384.1484	384.2412	3
39	384.1484	384.2412	1
39	385.1124	385.1973	1
39	388.1492	388.2308	1
39	389.1035	389.1853	1
39	390.111	390.1847	1
39	391.1016	391.3418	1
39	392.171	392.3328	1
39	393.044	393.1226	4
39	393.044	393.1226	1
39	393.2491	393.3401	1
39	394.0499	394.1245	4
39	394.0499	394.1245	1
39	395.0893	395.1894	1
39	396.0397	396.1316	1
39	399.2969	399.3983	1
39	404.1036	404.1934	1
39	409.0643	409.1554	1
39	413.218	413.3101	1
39	414.9915	415.0842	1
39	415.9965	416.0712	3
39	419.2683	419.3621	1
39	420.2749	420.3597	1
39	421.2806	421.3749	2
39	421.2806	421.3749	1
39	421.7917	421.8722	2
39	428.8413	428.9376	4
39	429.0273	429.1523	1
39	430.0358	430.142	1
39	430.8366	430.9622	4
39	430.8366	430.9622	1
39	431.0335	431.1352	1
39	431.8515	431.9341	4
39	431.8515	431.9341	1
39	443.893	443.9833	4
39	444.099	444.1793	1
39	445.0502	445.1912	1
39	445.8882	445.979	4
39	446.0551	446.1914	1
39	447.0582	447.1747	4
39	447.0582	447.1747	1
39	448.0597	448.1765	1
39	449.0646	449.1715	1
39	455.1392	455.2426	1
39	459.1274	459.2161	1
39	460.1326	460.2162	1
39	461.1305	461.2143	1
39	462.0784	462.2157	1
39	463.0826	463.2041	1
39	464.0846	464.2012	1
39	465.09	465.2015	1
39	466.0933	466.1943	1
39	467.0456	467.1523	1
39	468.0552	468.1513	1
39	489.0074	489.1028	4
39	489.0074	489.1028	1
39	503.0452	503.1682	1
39	504.0463	504.1696	1
39	505.0381	505.2042	1
39	506.0326	506.1993	1
39	519.0649	519.2183	1
39	520.0632	520.2106	1
39	521.0708	521.2057	1
39	522.0685	522.1974	1
39	536.0822	536.2489	1
39	537.09	537.2436	1
39	538.0938	538.2345	1
39	539.0938	539.228	1
39	540.0965	540.2243	1
39	550.1549	550.2788	1
39	551.1609	551.2712	1
39	577.0636	577.1878	1
39	578.0622	578.1867	1
39	593.0787	593.2384	1
39	594.0804	594.2326	1
39	595.0767	595.2293	1
39	596.0834	596.2285	1
39	607.143	607.2754	1
39	610.1014	610.2671	1
39	611.1059	611.2719	1
39	612.1048	612.263	1
39	613.1061	613.2565	1
39	624.1675	624.3047	1
39	651.0703	651.2152	1
39	667.0848	667.2621	1
39	668.0943	668.2627	1
39	669.0875	669.2562	1
39	670.0922	670.2519	1
39	681.1609	681.305	1
39	682.1643	682.2991	1
39	683.1602	683.2953	1
39	684.1103	684.2937	1
39	685.1105	685.2942	1
39	686.1129	686.2874	1
39	687.1176	687.2826	1
39	698.1768	698.2562	1
39	699.1882	699.2181	1
39	741.0948	741.1148	1
39	742.1031	742.1231	1
39	743.1027	743.1227	1
39	758.1289	758.1489	1
39	759.1273	759.1473	1
39	760.139	760.159	1
39	815.1171	815.1371	1
39	816.1176	816.1376	1
39	868.6863	868.7063	4
39	868.6863	868.7063	2
39	869.0713	869.0913	4
39	869.0713	869.0913	3
40	355.02	355.1227	1
40	356.0278	356.12	4
40	356.0278	356.12	1
40	357.0182	357.1106	1
40	358.0272	358.109	1
40	358.9894	359.1299	1
40	359.9921	360.0708	1
40	360.988	361.0633	1
40	366.6587	366.7277	2
40	368.0536	368.1305	1
40	369.0642	369.1679	1
40	370.0865	370.16	1
40	371.0402	371.206	4
40	371.0402	371.206	1
40	371.2705	371.3635	1
40	372.0476	372.1948	4
40	372.0476	372.1948	1
40	372.2789	372.3606	1
40	373.0476	373.1449	4
40	373.0476	373.1449	1
40	374.0515	374.1454	1
40	379.0496	379.1171	1
40	380.05	380.1257	1
40	381.0425	381.1264	1
40	382.0469	382.123	1
40	383.0431	383.1799	1
40	383.8171	383.9058	3
40	384.1524	384.2412	3
40	384.1524	384.2412	1
40	385.1083	385.1973	1
40	386.1166	386.2466	1
40	387.1165	387.1856	1
40	388.1491	388.2348	1
40	389.1117	389.2265	1
40	390.1109	390.1847	1
40	391.1057	391.2462	1
40	392.2461	392.3328	1
40	393.044	393.1267	4
40	393.044	393.1267	1
40	393.2532	393.3443	1
40	394.0498	394.1202	4
40	394.0498	394.1202	1
40	395.0892	395.1894	1
40	396.0396	396.1358	1
40	399.2968	399.4025	1
40	402.1696	402.2459	1
40	409.0643	409.1554	1
40	413.2224	413.3101	1
40	414.9915	415.0796	1
40	416.001	416.0757	3
40	416.1514	416.2261	4
40	419.2683	419.362	1
40	420.2749	420.3643	1
40	421.2806	421.3748	2
40	421.2806	421.3748	1
40	421.7964	421.8722	2
40	428.8413	428.9424	4
40	429.0273	429.1523	1
40	430.0358	430.142	1
40	430.8365	430.967	4
40	430.8365	430.967	1
40	431.0335	431.14	1
40	431.8466	431.9341	4
40	431.8466	431.9341	1
40	440.6818	440.7714	2
40	443.888	443.9833	4
40	444.099	444.1793	1
40	445.0552	445.1861	1
40	445.8882	445.9789	4
40	446.055	446.1914	1
40	447.0582	447.1797	4
40	447.0582	447.1797	1
40	448.0648	448.1765	1
40	449.0645	449.1714	1
40	459.1274	459.216	1
40	462.0783	462.2157	1
40	463.0879	463.2042	1
40	464.0845	464.2012	1
40	465.0899	465.2015	1
40	466.0932	466.1889	1
40	467.0456	467.1523	1
40	489.0073	489.1028	4
40	489.0073	489.1028	1
40	503.0452	503.1682	1
40	504.0462	504.1695	1
40	505.038	505.2041	1
40	519.0585	519.2182	1
40	520.0695	520.2106	1
40	521.0707	521.2057	1
40	522.0748	522.1973	1
40	536.0889	536.2489	1
40	537.0966	537.2436	1
40	538.0938	538.2344	1
40	539.0937	539.228	1
40	577.0561	577.1952	1
40	578.0622	578.1941	1
40	579.0484	579.233	1
40	593.0787	593.2383	1
40	594.0803	594.2325	1
40	595.0767	595.2292	1
40	596.0834	596.2284	1
40	609.1477	609.2727	1
40	610.1013	610.267	1
40	611.1059	611.2719	1
40	612.1047	612.263	1
40	613.1061	613.2565	1
40	624.1675	624.3047	1
40	642.88	643.0226	4
40	643.2127	643.3553	4
40	651.0703	651.2152	1
40	667.0848	667.2713	1
40	668.0943	668.2626	1
40	669.0874	669.2561	1
40	670.0921	670.2611	1
40	681.1609	681.2954	1
40	684.1103	684.2936	1
40	685.1105	685.2942	1
40	686.1129	686.2873	1
40	687.1175	687.2826	1
40	698.1768	698.3255	1
40	699.1881	699.2081	1
40	741.0947	741.1147	1
40	742.1031	742.1231	1
40	743.1027	743.1227	1
40	758.1288	758.1488	1
40	759.1273	759.1473	1
40	760.139	760.159	1
40	815.1171	815.1371	1
40	816.1176	816.1376	1
40	817.1324	817.1524	1
40	832.1472	832.1672	1
40	833.1534	833.1734	1
40	868.6862	868.7062	4
40	868.6862	868.7062	3
41	355.0201	355.1191	1
41	356.0242	356.12	4
41	356.0242	356.12	1
41	357.0182	357.1143	1
41	358.0272	358.1091	1
41	358.9857	359.1299	1
41	359.9921	360.0671	1
41	360.9917	361.0596	1
41	361.9881	362.0968	1
41	368.0499	368.1267	1
41	369.0832	369.1641	1
41	370.0865	370.16	1
41	371.044	371.206	4
41	371.044	371.206	1
41	371.2667	371.3597	1
41	372.0476	372.1909	4
41	372.0476	372.1909	1
41	372.2789	372.3606	1
41	373.0476	373.145	4
41	373.0476	373.145	1
41	374.0477	374.2153	1
41	375.0557	375.1381	1
41	381.0425	381.1224	1
41	382.0469	382.123	1
41	383.0472	383.1759	1
41	383.8212	383.9058	3
41	384.1565	384.2371	3
41	384.1565	384.2371	1
41	385.1083	385.1973	1
41	386.1166	386.2466	1
41	387.1165	387.1856	1
41	388.1492	388.2307	1
41	391.1639	391.3334	1
41	392.1752	392.3328	1
41	393.044	393.1225	4
41	393.044	393.1225	1
41	393.249	393.3401	1
41	394.0498	394.1202	4
41	394.0498	394.1202	1
41	395.0892	395.1641	1
41	396.0397	396.1316	1
41	399.2925	399.394	1
41	402.1653	402.246	1
41	403.1936	403.2701	1
41	409.0643	409.1554	1
41	413.2179	413.3101	1
41	414.9915	415.0796	1
41	415.9965	416.0757	1
41	419.2637	419.362	1
41	420.2796	420.3597	1
41	421.2806	421.3749	2
41	421.2806	421.3749	1
41	421.7917	421.8722	2
41	428.8413	428.9376	4
41	429.0178	429.1523	1
41	430.0358	430.142	1
41	430.8365	430.9622	4
41	430.8365	430.9622	1
41	431.0287	431.1352	1
41	431.8514	431.9341	4
41	431.8514	431.9341	1
41	432.8361	432.9334	2
41	439.799	439.8884	1
41	440.6818	440.7664	2
41	440.8011	440.8857	2
41	445.0502	445.2315	1
41	445.8882	445.9739	4
41	446.055	446.1863	1
41	447.0582	447.1747	4
41	447.0582	447.1747	1
41	448.0597	448.1714	1
41	449.0594	449.1663	1
41	459.1274	459.216	1
41	462.0783	462.2157	1
41	463.0879	463.2041	1
41	464.0845	464.2012	1
41	465.09	465.1961	1
41	466.0878	466.1943	1
41	467.0456	467.1523	1
41	468.0552	468.1513	1
41	489.0073	489.1028	4
41	489.0073	489.1028	1
41	503.0452	503.1682	1
41	504.0462	504.1635	1
41	505.0381	505.2041	1
41	506.0387	506.1993	1
41	519.0585	519.2183	1
41	520.0632	520.2106	1
41	521.0644	521.2057	1
41	522.0684	522.1973	1
41	533.1355	533.2481	1
41	536.0822	536.2489	1
41	537.0832	537.2369	1
41	538.0938	538.2344	1
41	539.0937	539.228	1
41	540.0965	540.2243	1
41	550.1549	550.2788	1
41	577.0561	577.1952	1
41	578.0622	578.1941	1
41	579.0484	579.1807	1
41	593.071	593.2383	1
41	594.0803	594.2325	1
41	595.0767	595.2292	1
41	596.0834	596.2284	1
41	607.1429	607.2754	1
41	608.1482	608.2727	1
41	609.1477	609.2727	1
41	610.0852	610.267	1
41	611.1059	611.2638	1
41	612.1048	612.263	1
41	613.1061	613.2565	1
41	624.1675	624.3047	1
41	625.165	625.3025	1
41	642.88	643.0226	4
41	642.88	643.0226	3
41	651.0792	651.2152	1
41	667.0848	667.2714	1
41	668.0943	668.2626	1
41	669.0874	669.2561	1
41	670.0921	670.2612	1
41	681.1514	681.305	1
41	684.1103	684.2936	1
41	685.1105	685.2942	1
41	686.1129	686.2873	1
41	687.1175	687.2826	1
41	741.0947	741.1147	1
41	742.1031	742.1231	1
41	743.1027	743.1227	1
41	758.1288	758.1488	1
41	759.1273	759.1473	1
41	760.139	760.159	1
41	815.1171	815.1371	1
41	816.1176	816.1376	1
41	817.1324	817.1524	1
41	832.1472	832.1672	1
41	833.1534	833.1734	1
41	868.865	868.885	4
41	868.865	868.885	3
41	887.5171	887.5371	4
42	355.0201	355.1191	1
42	356.0242	356.1128	1
42	357.0182	357.1106	1
42	358.0272	358.1091	1
42	358.9894	359.1336	1
42	359.9921	360.0635	1
42	360.9917	361.0596	1
42	361.9881	362.0968	1
42	367.0964	367.1692	1
42	368.0612	368.1267	1
42	369.0604	369.1641	1
42	370.0865	370.1562	1
42	371.0479	371.206	4
42	371.0479	371.206	1
42	371.2667	371.3597	1
42	372.0476	372.1524	4
42	372.0476	372.1524	1
42	373.0476	373.145	1
42	374.0516	374.1415	1
42	375.0518	375.1381	1
42	381.0425	381.1264	1
42	382.0429	382.123	1
42	383.0432	383.1759	1
42	383.8212	383.9058	3
42	384.1525	384.2412	3
42	384.1525	384.2412	1
42	385.1083	385.1973	1
42	389.1035	389.1482	1
42	390.1068	390.1806	1
42	391.1597	391.242	1
42	392.171	392.3328	1
42	393.044	393.1225	4
42	393.249	393.3401	1
42	395.0892	395.1894	1
42	396.0397	396.1316	1
42	399.2925	399.394	1
42	400.3055	400.3943	1
42	402.161	402.2416	1
42	403.1936	403.2701	1
42	409.0687	409.1509	1
42	413.2179	413.3146	1
42	414.9915	415.0796	1
42	415.9965	416.0803	1
42	419.2683	419.362	1
42	420.2796	420.3551	1
42	421.2806	421.3749	2
42	421.2806	421.3749	1
42	421.7917	421.8722	2
42	424.0378	424.1281	1
42	425.0429	425.1193	1
42	428.8413	428.9376	4
42	428.8413	428.9376	1
42	429.0178	429.1523	1
42	429.8539	429.9361	4
42	429.8539	429.9361	1
42	430.0358	430.142	1
42	430.8365	430.9382	4
42	430.8365	430.9382	1
42	431.0239	431.1352	4
42	431.0239	431.1352	1
42	431.8514	431.9341	4
42	431.8514	431.9341	1
42	432.0346	432.1896	1
42	432.8312	432.9334	4
42	432.8312	432.9334	3
42	432.8312	432.9334	2
42	433.0441	433.185	4
42	439.799	439.8884	1
42	440.6769	440.7664	2
42	440.8011	440.8857	3
42	445.0502	445.2315	1
42	445.8882	445.979	4
42	446.055	446.1863	1
42	447.0582	447.1747	4
42	447.0582	447.1747	1
42	448.0597	448.1765	1
42	449.0594	449.1663	1
42	459.1274	459.216	1
42	459.7089	459.7978	2
42	462.0783	462.2157	1
42	463.0879	463.2041	1
42	464.0845	464.2012	1
42	465.09	465.1961	1
42	466.0878	466.1943	1
42	467.0456	467.1523	1
42	467.7943	467.8795	4
42	467.7943	467.8795	3
42	468.0552	468.1513	1
42	489.0073	489.1028	4
42	489.0073	489.1028	1
42	503.0452	503.1743	1
42	504.0462	504.1695	1
42	505.0381	505.2041	1
42	506.0387	506.1443	1
42	519.0585	519.2183	1
42	520.0632	520.2169	1
42	521.0644	521.2057	1
42	522.0684	522.1973	1
42	533.1355	533.2415	1
42	536.0822	536.2489	1
42	537.0832	537.2436	1
42	538.0938	538.2344	1
42	539.0937	539.228	1
42	540.1032	540.2243	1
42	550.1549	550.2788	1
42	577.0561	577.1952	1
42	578.0622	578.1867	1
42	579.0484	579.2331	1
42	580.0522	580.1697	1
42	593.071	593.2383	1
42	594.0803	594.2325	1
42	595.0767	595.2292	1
42	596.0834	596.2285	1
42	607.1429	607.2754	1
42	608.1482	608.2727	1
42	609.1477	609.2646	1
42	610.0852	610.267	1
42	611.1059	611.2638	1
42	612.1048	612.263	1
42	613.1061	613.2565	1
42	624.1675	624.3047	1
42	625.1734	625.3025	1
42	642.88	643.0226	4
42	642.88	643.0226	3
42	651.0792	651.2152	1
42	667.0848	667.2621	1
42	668.0943	668.2626	1
42	669.0874	669.2561	1
42	670.0921	670.2612	1
42	681.1514	681.305	1
42	684.1103	684.2936	1
42	685.1105	685.2942	1
42	686.1129	686.2873	1
42	687.1175	687.2826	1
42	698.1768	698.3057	1
42	741.0947	741.1147	1
42	742.1031	742.1231	1
42	743.1027	743.1227	1
42	758.1288	758.1488	1
42	759.1273	759.1473	1
42	760.139	760.159	1
42	815.1171	815.1371	1
42	816.1176	816.1376	1
42	832.1472	832.1672	1
42	833.1534	833.1734	1
42	868.645	868.665	4
42	868.645	868.665	3
42	868.645	868.665	2
42	887.5171	887.5371	4
42	889.1376	889.1576	1
43	355.0201	355.1227	1
43	356.0206	356.1164	1
43	357.0218	357.1106	1
43	358.0236	358.1127	1
43	358.9894	359.1336	1
43	359.9921	360.0671	1
43	360.9954	361.0596	1
43	366.0751	366.1478	1
43	366.1654	366.223	1
43	367.0964	367.1957	1
43	368.0536	368.1267	1
43	369.0642	369.1679	1
43	370.0865	370.16	1
43	371.0095	371.2099	4
43	371.0095	371.2099	1
43	371.2667	371.3635	1
43	372.0476	372.1601	4
43	372.0476	372.1601	1
43	372.2751	372.3606	1
43	373.0476	373.145	4
43	373.0476	373.145	1
43	374.0516	374.1454	1
43	375.0557	375.1381	1
43	381.0425	381.1264	1
43	382.0429	382.119	1
43	383.0432	383.1799	1
43	383.8212	383.9058	3
43	384.1565	384.2412	3
43	384.1565	384.2412	1
43	385.1083	385.1973	1
43	388.1492	388.2307	1
43	389.1076	389.1853	1
43	390.1027	390.1806	1
43	391.1597	391.2462	1
43	392.2461	392.3328	1
43	393.044	393.1267	4
43	393.044	393.1267	1
43	393.2532	393.3443	1
43	394.1044	394.1244	1
43	395.0935	395.1894	1
43	396.0397	396.1316	1
43	399.2925	399.4025	1
43	400.3055	400.3943	1
43	402.1697	402.246	1
43	403.1936	403.2701	1
43	408.0135	408.0911	1
43	413.2224	413.3146	1
43	414.9915	415.0796	1
43	419.2683	419.362	1
43	420.2749	420.3643	1
43	421.2806	421.3749	1
43	424.0378	424.1281	1
43	428.8413	428.9424	4
43	428.8413	428.9424	1
43	429.0273	429.1523	1
43	429.8539	429.9314	4
43	429.8539	429.9314	3
43	429.8539	429.9314	1
43	430.0358	430.142	1
43	430.8365	430.9382	4
43	430.8365	430.9382	1
43	431.0335	431.14	4
43	431.0335	431.14	1
43	431.8466	431.9341	4
43	431.8466	431.9341	1
43	432.0346	432.1848	1
43	432.8361	432.9625	4
43	432.8361	432.9625	3
43	432.8361	432.9625	1
43	433.8483	433.9266	1
43	439.799	439.8884	1
43	440.6818	440.7614	2
43	440.8011	440.8807	3
43	445.0502	445.2315	1
43	445.8882	445.9789	4
43	446.055	446.1914	1
43	447.0582	447.1797	4
43	447.0582	447.1797	1
43	447.8917	447.9728	4
43	448.0648	448.1765	1
43	449.0594	449.1663	1
43	459.1274	459.2213	2
43	459.1274	459.2213	1
43	459.7089	459.7925	2
43	462.0783	462.2157	1
43	463.0879	463.2148	1
43	464.0845	464.2066	1
43	465.09	465.2015	1
43	466.0878	466.1943	1
43	467.051	467.1577	1
43	467.7943	467.8795	4
43	467.7943	467.8795	3
43	468.0552	468.1513	1
43	476.1509	476.249	1
43	489.0073	489.1028	4
43	489.1758	489.2887	1
43	503.0452	503.1743	1
43	504.0523	504.1695	1
43	505.0381	505.2041	1
43	519.0585	519.2183	1
43	520.0632	520.2297	1
43	521.0707	521.2057	1
43	522.0748	522.2037	1
43	536.0822	536.2489	1
43	537.0966	537.2436	1
43	538.0938	538.2344	1
43	539.0937	539.228	1
43	540.1032	540.2243	1
43	550.1549	550.2788	1
43	577.0636	577.1952	1
43	578.0622	578.1867	1
43	579.0484	579.2331	1
43	580.0522	580.1697	1
43	593.071	593.2383	1
43	594.0803	594.2325	1
43	595.0845	595.2292	1
43	596.0834	596.2284	1
43	607.1429	607.2754	1
43	608.1482	608.2647	1
43	609.1477	609.2646	1
43	610.1014	610.267	1
43	611.1059	611.2719	1
43	612.1048	612.263	1
43	613.1061	613.2565	1
43	624.1675	624.3047	1
43	642.88	643.0138	4
43	642.88	643.0138	3
43	651.0792	651.2152	1
43	667.0941	667.2621	1
43	668.0943	668.2626	1
43	669.0874	669.2654	1
43	670.0921	670.2518	1
43	684.1103	684.2936	1
43	685.1201	685.2942	1
43	686.1129	686.2873	1
43	687.1272	687.2826	1
43	698.1768	698.3057	1
43	741.0947	741.1147	1
43	742.1031	742.1231	1
43	743.1136	743.1336	1
43	758.1288	758.1488	1
43	759.1273	759.1473	1
43	760.1502	760.1702	1
43	815.1171	815.1371	1
43	816.1176	816.1376	1
43	868.645	868.665	4
43	868.645	868.665	3
43	868.645	868.665	2
44	355.0201	355.1191	1
44	356.0278	356.1164	1
44	357.0218	357.1106	1
44	358.0272	358.1091	1
44	358.9858	359.1336	1
44	359.9921	360.0672	1
44	360.9917	361.0559	1
44	362.1434	362.2078	1
44	366.0751	366.144	1
44	366.1616	366.2192	1
44	367.1001	367.1957	1
44	368.0575	368.1267	1
44	369.0832	369.1679	1
44	370.0865	370.16	1
44	371.0133	371.2061	4
44	371.0133	371.2061	1
44	371.2705	371.3635	1
44	372.0515	372.1563	4
44	372.0515	372.1563	1
44	372.2789	372.3606	1
44	373.0476	373.145	4
44	373.0476	373.145	1
44	374.0516	374.1454	1
44	375.0518	375.1381	1
44	381.0425	381.1264	1
44	382.0429	382.123	1
44	383.0432	383.1799	1
44	383.8212	383.9058	3
44	384.1565	384.2412	3
44	384.1565	384.2412	1
44	385.1124	385.1973	1
44	388.1492	388.2308	1
44	391.1597	391.242	1
44	392.2419	392.3328	1
44	393.044	393.1226	4
44	393.044	393.1226	1
44	393.2532	393.3401	1
44	394.1086	394.1286	1
44	395.0893	395.1683	1
44	396.0397	396.1316	1
44	399.2968	399.4025	1
44	400.3055	400.3943	1
44	402.1697	402.246	1
44	403.1936	403.2744	1
44	404.1036	404.2588	1
44	408.0135	408.0911	1
44	409.0687	409.1554	1
44	414.9915	415.0796	1
44	419.2683	419.3621	1
44	420.2796	420.3643	1
44	421.2806	421.3749	2
44	421.2806	421.3749	1
44	421.7917	421.8768	2
44	424.0331	424.1281	1
44	428.8413	428.9376	4
44	429.0321	429.1523	1
44	430.0358	430.142	1
44	430.8366	430.9382	4
44	430.8366	430.9382	1
44	431.0335	431.1352	1
44	431.8515	431.9341	4
44	431.8515	431.9341	1
44	432.0346	432.1896	1
44	432.8361	432.9625	4
44	432.8361	432.9625	3
44	432.8361	432.9625	1
44	433.8435	433.9266	1
44	445.0502	445.1912	1
44	445.8882	445.979	4
44	446.055	446.1914	1
44	447.0582	447.1798	4
44	447.0582	447.1798	1
44	447.8866	447.9728	4
44	448.0648	448.1765	1
44	449.0646	449.1714	1
44	459.1274	459.2213	1
44	462.0783	462.2157	1
44	463.0879	463.2148	1
44	464.0846	464.2066	1
44	465.09	465.2015	1
44	466.0878	466.1943	1
44	467.051	467.1577	1
44	467.7943	467.8795	4
44	467.7943	467.8795	3
44	476.1509	476.249	1
44	489.0074	489.1028	4
44	489.1758	489.2887	1
44	503.0452	503.1682	1
44	504.0523	504.1696	1
44	505.0381	505.2042	1
44	519.0649	519.2183	1
44	520.0632	520.2297	1
44	521.0708	521.2057	1
44	522.0749	522.2037	1
44	523.0818	523.1918	1
44	535.1372	535.2369	1
44	536.0822	536.2489	1
44	537.0966	537.2436	1
44	538.0938	538.2344	1
44	539.1005	539.228	1
44	540.1032	540.2243	1
44	550.1549	550.2788	1
44	577.0636	577.1878	1
44	578.0622	578.1867	1
44	579.0485	579.2256	1
44	593.0787	593.2383	1
44	594.0804	594.2325	1
44	595.0845	595.2293	1
44	596.0834	596.2207	1
44	607.143	607.2754	1
44	610.1014	610.267	1
44	611.1059	611.2719	1
44	612.1048	612.263	1
44	613.1061	613.2565	1
44	624.1675	624.3047	1
44	642.88	643.0138	4
44	642.88	643.0138	3
44	667.0848	667.2621	1
44	668.0943	668.2627	1
44	669.0875	669.2654	1
44	684.1103	684.2936	1
44	685.1201	685.2942	1
44	686.1129	686.2873	1
44	687.1272	687.2826	1
44	698.1867	698.276	1
44	741.1056	741.1256	1
44	742.2443	742.2643	2
44	742.1031	742.1231	1
44	742.7657	742.7857	3
44	742.7439	742.7639	2
44	743.1136	743.1336	1
44	758.1289	758.1489	1
44	759.1273	759.1473	1
44	760.1503	760.1703	1
44	815.1171	815.1371	1
44	816.1176	816.1376	1
44	817.1199	817.1399	1
44	868.645	868.665	4
44	868.645	868.665	3
44	887.5171	887.5371	4
45	355.0165	355.1191	1
45	356.0279	356.1128	1
45	357.0218	357.1107	1
45	358.0272	358.1091	1
45	358.9894	359.13	1
45	359.1575	359.1848	1
45	359.9922	360.0672	1
45	360.9917	361.0596	1
45	362.1398	362.2042	1
45	366.0789	366.144	1
45	367.1002	367.2297	1
45	368.0613	368.1268	1
45	369.0832	369.1642	1
45	370.0904	370.183	1
45	371.0402	371.2022	4
45	371.0402	371.2022	1
45	371.2629	371.3597	1
45	372.0477	372.1524	4
45	372.0477	372.1524	1
45	373.0476	373.145	1
45	374.0477	374.2153	1
45	375.0518	375.1381	1
45	381.0425	381.1264	1
45	382.0429	382.119	1
45	383.0432	383.1799	1
45	383.8212	383.9058	3
45	384.1565	384.2412	1
45	385.1124	385.1973	1
45	388.1492	388.2308	1
45	389.1076	389.1894	1
45	390.1068	390.1806	1
45	391.1597	391.3376	1
45	392.171	392.3329	1
45	393.044	393.1226	4
45	393.2533	393.3401	1
45	395.1188	395.1683	1
45	396.0397	396.1316	1
45	399.2926	399.3983	1
45	400.3055	400.3943	1
45	402.1654	402.2417	1
45	403.1892	403.2745	1
45	404.1036	404.1934	1
45	408.018	408.0911	1
45	409.0688	409.151	1
45	413.218	413.3146	1
45	414.9916	415.0797	1
45	419.2683	419.3621	1
45	420.275	420.3644	1
45	421.2806	421.3749	2
45	421.2806	421.3749	1
45	421.7917	421.8722	2
45	424.0378	424.1282	1
45	428.8413	428.9376	4
45	429.0274	429.1523	1
45	430.0359	430.1421	1
45	430.8366	430.9382	4
45	431.0335	431.14	1
45	432.0395	432.1848	1
45	432.8361	432.9335	4
45	445.0502	445.1912	1
45	445.8882	445.979	4
45	446.0551	446.1864	1
45	447.0583	447.1747	4
45	447.0583	447.1747	1
45	447.8867	447.9728	4
45	448.0597	448.1765	1
45	449.0595	449.1715	1
45	459.1274	459.2161	1
45	460.1273	460.2215	1
45	461.1305	461.1612	1
45	462.0784	462.2157	1
45	463.0826	463.2041	1
45	464.0846	464.2012	1
45	465.09	465.2016	1
45	466.0879	466.1943	1
45	467.051	467.1523	1
45	467.7944	467.8796	4
45	467.7944	467.8796	3
45	468.0552	468.1513	1
45	476.1453	476.249	1
45	489.0074	489.0971	4
45	489.1758	489.2888	1
45	503.0453	503.1683	1
45	504.0523	504.1696	1
45	505.0381	505.2042	1
45	506.0388	506.1443	1
45	519.0586	519.2119	1
45	520.0632	520.217	1
45	521.0708	521.2058	1
45	522.0749	522.2038	1
45	523.0754	523.1918	1
45	535.1372	535.237	1
45	536.0823	536.2489	1
45	537.09	537.2437	1
45	538.0938	538.2345	1
45	539.1005	539.228	1
45	540.0965	540.2244	1
45	550.1549	550.2789	1
45	577.0636	577.1878	1
45	578.0622	578.1867	1
45	579.056	579.2256	1
45	593.0788	593.2384	1
45	594.0804	594.2326	1
45	595.0768	595.2293	1
45	596.0835	596.2207	1
45	609.1478	609.2647	1
45	610.1014	610.2671	1
45	611.1059	611.2638	1
45	612.1048	612.2631	1
45	613.1061	613.2566	1
45	624.1675	624.3048	1
45	642.8888	643.0139	4
45	642.8888	643.0139	3
45	667.0849	667.2622	1
45	668.0943	668.2627	1
45	669.0968	669.2562	1
45	684.1103	684.2937	1
45	685.1202	685.2943	1
45	686.113	686.2874	1
45	687.1273	687.2827	1
45	698.1867	698.2166	1
45	741.1056	741.1256	1
45	742.2443	742.2643	2
45	742.1032	742.1232	1
45	742.7657	742.7857	3
45	742.744	742.764	2
45	743.1136	743.1336	1
45	758.1289	758.1489	1
45	759.1386	759.1586	1
45	815.1296	815.1496	1
45	816.1302	816.1502	1
45	817.12	817.14	1
45	868.6451	868.6651	4
45	868.6451	868.6651	3
45	868.6451	868.6651	2
45	887.7585	887.7785	4
46	355.0201	355.1191	1
46	356.0278	356.1128	1
46	357.0182	357.1106	1
46	358.0272	358.1091	1
46	358.9894	359.1336	1
46	359.1538	359.1811	1
46	359.9921	360.0672	1
46	360.9917	361.0559	1
46	361.9918	362.0968	1
46	362.1434	362.2078	1
46	368.0575	368.1267	1
46	369.0832	369.1641	1
46	370.0865	370.1792	1
46	371.044	371.2061	4
46	371.044	371.2061	1
46	371.2667	371.3597	1
46	372.0476	372.1563	4
46	372.0476	372.1563	1
46	373.0476	373.1488	1
46	374.0516	374.1415	1
46	375.0518	375.1381	1
46	381.0425	381.1264	1
46	382.0469	382.123	1
46	383.0432	383.1759	1
46	383.8212	383.9058	3
46	384.1565	384.2412	3
46	384.1565	384.2412	1
46	385.1083	385.1973	1
46	388.1492	388.2308	1
46	389.1076	389.1853	1
46	390.1109	390.1806	1
46	391.1057	391.3335	1
46	392.2419	392.3328	1
46	393.044	393.1267	4
46	393.2491	393.3443	1
46	395.1146	395.1641	1
46	396.0397	396.1358	1
46	396.9595	397.022	1
46	399.284	399.4025	1
46	400.3055	400.3943	1
46	402.1697	402.246	1
46	404.0992	404.1934	1
46	409.0687	409.1509	1
46	413.2179	413.3146	1
46	414.9915	415.0842	1
46	419.2637	419.3621	1
46	420.2749	420.3643	1
46	421.2806	421.3749	2
46	421.2806	421.3749	1
46	421.7917	421.8769	2
46	424.0378	424.1235	1
46	428.8413	428.9376	4
46	429.0226	429.1523	1
46	430.0358	430.142	1
46	430.1987	430.281	1
46	430.8366	430.967	4
46	430.8366	430.967	1
46	431.0335	431.1352	4
46	431.0335	431.1352	1
46	431.8515	431.9341	4
46	431.8515	431.9341	1
46	432.0394	432.1896	1
46	432.8361	432.9335	4
46	432.8361	432.9335	1
46	433.8484	433.9314	1
46	439.7991	439.8884	1
46	440.6769	440.7714	2
46	440.806	440.8857	2
46	445.0452	445.1912	1
46	445.8882	445.979	4
46	446.0551	446.1914	1
46	447.0532	447.1747	4
46	447.0532	447.1747	1
46	448.0597	448.1714	1
46	449.0595	449.1663	1
46	455.1392	455.2426	1
46	459.1274	459.2161	1
46	460.1273	460.2162	1
46	461.1305	461.1612	1
46	462.0783	462.2157	1
46	463.0826	463.2041	1
46	464.0846	464.2012	1
46	465.09	465.1961	1
46	466.0933	466.1889	1
46	467.0456	467.1794	1
46	468.0552	468.1513	1
46	471.9504	471.9704	4
46	476.1453	476.2434	1
46	488.1955	488.2908	1
46	489.0074	489.1028	4
46	489.1758	489.2887	1
46	503.0452	503.1682	1
46	504.0523	504.1696	1
46	505.0381	505.2042	1
46	506.0387	506.1504	1
46	519.0586	519.2183	1
46	520.0632	520.217	1
46	521.0708	521.2057	1
46	522.0684	522.1973	1
46	523.0754	523.1918	1
46	536.0822	536.2489	1
46	537.0899	537.2436	1
46	538.0938	538.2345	1
46	539.1005	539.228	1
46	540.0965	540.2243	1
46	550.1549	550.2788	1
46	577.0636	577.1878	1
46	578.0622	578.1867	1
46	579.0559	579.2256	1
46	593.0787	593.2383	1
46	594.0804	594.2325	1
46	595.0767	595.2293	1
46	596.0834	596.2207	1
46	607.143	607.2754	1
46	608.1482	608.2647	1
46	609.1478	609.2646	1
46	610.1014	610.267	1
46	611.1059	611.2638	1
46	612.1048	612.263	1
46	613.1061	613.2565	1
46	624.1675	624.3047	1
46	642.88	643.0226	4
46	642.88	643.0226	3
46	667.0848	667.2621	1
46	668.0943	668.2627	1
46	669.0875	669.2562	1
46	684.1103	684.2936	1
46	685.1105	685.2942	1
46	686.1129	686.2873	1
46	687.1272	687.2826	1
46	741.1056	741.1256	1
46	742.1031	742.1231	1
46	743.1136	743.1336	1
46	758.1289	758.1489	1
46	759.1273	759.1473	1
46	815.1171	815.1371	1
46	816.1176	816.1376	1
46	832.1473	832.1673	1
46	833.1405	833.1605	1
46	868.4801	868.5001	4
46	868.4801	868.5001	2
46	887.5171	887.5371	4
46	887.6591	887.6791	3
46	887.5171	887.5371	2
46	887.7585	887.7785	4
47	355.0201	355.1227	1
47	356.0242	356.1164	1
47	357.0182	357.1107	1
47	358.0272	358.1091	1
47	358.9894	359.13	1
47	359.9922	360.0672	1
47	360.9917	361.0633	1
47	361.9918	362.0968	1
47	367.1002	367.1693	1
47	368.0575	368.1268	1
47	369.0832	369.1641	1
47	370.0865	370.1601	1
47	371.0364	371.2061	4
47	371.0364	371.2061	1
47	371.2705	371.3597	1
47	372.0476	372.1524	4
47	372.0476	372.1524	1
47	373.0476	373.145	1
47	373.1482	373.1798	1
47	374.0516	374.1415	1
47	375.0518	375.1381	1
47	381.0465	381.1224	1
47	382.0429	382.119	1
47	383.0432	383.1759	1
47	383.8212	383.9058	3
47	384.1565	384.2372	3
47	384.1565	384.2372	1
47	385.1124	385.1973	1
47	388.1492	388.2308	1
47	389.1076	389.1894	1
47	390.111	390.1806	1
47	391.1057	391.3335	1
47	392.2461	392.3287	1
47	393.044	393.1226	4
47	393.044	393.1226	1
47	393.2491	393.3443	1
47	394.0457	394.1245	4
47	395.1188	395.1936	1
47	396.0397	396.1316	1
47	396.9553	397.0178	1
47	399.284	399.3983	1
47	400.3055	400.3943	1
47	402.1697	402.2416	1
47	409.0687	409.1509	1
47	413.218	413.3146	1
47	419.2683	419.3621	1
47	420.2796	420.3644	1
47	421.2806	421.3749	2
47	421.2806	421.3749	1
47	421.7917	421.8769	2
47	428.8413	428.9424	4
47	429.0273	429.1523	1
47	430.0358	430.142	1
47	430.8366	430.967	4
47	430.8366	430.967	1
47	431.0335	431.1352	4
47	431.0335	431.1352	1
47	431.8515	431.9341	4
47	431.8515	431.9341	1
47	432.0394	432.1848	1
47	432.8361	432.9335	4
47	432.8361	432.9335	3
47	432.8361	432.9335	2
47	432.8361	432.9335	1
47	433.0489	433.1851	4
47	433.2909	433.3739	2
47	433.8484	433.9314	1
47	439.7991	439.8884	1
47	440.6818	440.7714	2
47	440.8011	440.8807	2
47	445.0452	445.1912	1
47	445.8831	445.979	4
47	446.0551	446.1864	1
47	447.0582	447.1747	4
47	447.0582	447.1747	1
47	448.0597	448.1714	1
47	449.0595	449.1663	1
47	455.1392	455.2426	1
47	459.1221	459.2214	2
47	459.1221	459.2214	1
47	459.709	459.7925	2
47	460.1273	460.2215	1
47	461.1305	461.1612	1
47	462.0784	462.2157	1
47	463.0826	463.2041	1
47	464.0846	464.2012	1
47	465.09	465.1962	1
47	466.0933	466.1943	1
47	467.0456	467.1794	1
47	468.0552	468.1513	1
47	471.9504	471.9704	4
47	476.1509	476.2434	1
47	488.1955	488.2908	1
47	489.0074	489.1029	4
47	489.1758	489.2887	1
47	503.0452	503.1682	1
47	504.0523	504.1696	1
47	505.032	505.2042	1
47	506.0387	506.1504	1
47	515.9928	516.0946	4
47	516.2257	516.3213	1
47	519.0586	519.2183	1
47	520.0632	520.2106	1
47	521.0708	521.2057	1
47	522.0685	522.1974	1
47	536.0823	536.2489	1
47	537.0833	537.2436	1
47	538.0938	538.2345	1
47	539.1005	539.228	1
47	540.0965	540.2243	1
47	550.1549	550.2788	1
47	577.0636	577.1878	1
47	578.0697	578.1867	1
47	579.0485	579.2256	1
47	593.0787	593.2384	1
47	594.0804	594.2326	1
47	595.0767	595.2293	1
47	596.0834	596.2285	1
47	607.143	607.2754	1
47	610.1014	610.2671	1
47	611.1059	611.2638	1
47	612.1048	612.263	1
47	613.1061	613.2565	1
47	624.1675	624.3047	1
47	642.8801	643.0226	4
47	643.2128	643.3554	4
47	667.0848	667.2621	1
47	668.0943	668.2627	1
47	669.0875	669.2562	1
47	670.0922	670.2519	1
47	684.1103	684.2937	1
47	685.1105	685.2942	1
47	686.1129	686.2874	1
47	687.1272	687.2826	1
47	698.1867	698.2463	1
47	699.1882	699.2181	1
47	741.1056	741.1256	1
47	742.1032	742.1232	1
47	743.1136	743.1336	1
47	758.1289	758.1489	1
47	759.1273	759.1473	1
47	815.1171	815.1371	1
47	816.1176	816.1376	1
47	832.1473	832.1673	1
47	833.1406	833.1606	1
47	868.4801	868.5001	4
47	868.4801	868.5001	3
47	868.4801	868.5001	2
47	887.6733	887.6933	3
47	887.5171	887.5371	2
47	888.0142	888.0342	4
48	355.0201	355.1191	1
48	356.0278	356.1128	1
48	357.0218	357.1106	1
48	358.0272	358.1091	1
48	358.9894	359.13	1
48	359.9921	360.0672	1
48	360.9917	361.0596	1
48	362.1175	362.1375	1
48	366.0751	366.144	1
48	367.1001	367.1655	1
48	368.0575	368.123	1
48	369.0832	369.1641	1
48	370.0827	370.16	1
48	371.0402	371.2061	4
48	371.0402	371.2061	1
48	371.2667	371.3597	1
48	372.0476	372.1601	4
48	372.0476	372.1601	1
48	373.0476	373.1682	1
48	374.0516	374.2153	1
48	375.0518	375.1381	1
48	381.0425	381.1224	1
48	382.0429	382.123	1
48	383.0432	383.1759	1
48	383.8172	383.9058	3
48	384.1525	384.2412	3
48	384.1525	384.2412	1
48	385.1083	385.1973	1
48	388.1492	388.2349	1
48	391.1597	391.3376	1
48	392.2461	392.3328	1
48	393.044	393.1226	4
48	393.044	393.1226	1
48	393.2491	393.3401	1
48	394.0498	394.1203	4
48	395.1146	395.1936	1
48	396.0397	396.1316	1
48	399.2968	399.4025	1
48	400.3055	400.3943	1
48	409.0687	409.1554	1
48	413.218	413.3146	1
48	419.2683	419.3621	1
48	420.2796	420.3597	1
48	421.2806	421.3749	2
48	421.2806	421.3749	1
48	421.7917	421.8769	2
48	428.8413	428.9376	4
48	429.0178	429.1523	1
48	430.0358	430.142	1
48	430.8366	430.9382	4
48	430.8366	430.9382	1
48	431.0335	431.1352	1
48	431.8466	431.9341	4
48	431.8466	431.9341	1
48	432.0394	432.1848	1
48	432.8361	432.9335	4
48	432.8361	432.9335	3
48	432.8361	432.9335	2
48	432.8361	432.9335	1
48	433.0441	433.1851	4
48	433.2861	433.3739	2
48	433.8484	433.9266	1
48	440.6818	440.7664	2
48	445.0452	445.1912	1
48	445.8831	445.979	4
48	446.0551	446.1864	1
48	447.0582	447.1747	4
48	447.0582	447.1747	1
48	448.0597	448.1714	1
48	449.0595	449.1663	1
48	455.1392	455.2374	1
48	459.1221	459.2213	1
48	462.0783	462.2157	1
48	463.0826	463.2041	1
48	464.0846	464.2012	1
48	465.09	465.1962	1
48	466.0933	466.1943	1
48	467.0456	467.1523	1
48	468.0552	468.1513	1
48	476.1509	476.2434	1
48	488.1955	488.285	1
48	489.1758	489.2887	1
48	503.0452	503.1682	1
48	504.0523	504.1696	1
48	505.032	505.2042	1
48	515.9928	516.0946	4
48	516.2257	516.3213	1
48	519.0586	519.2119	1
48	520.0632	520.2106	1
48	521.0708	521.2057	1
48	522.0685	522.1973	1
48	523.0754	523.1918	1
48	535.1438	535.2369	1
48	536.0822	536.2489	1
48	537.0833	537.2436	1
48	538.0938	538.2345	1
48	539.1005	539.228	1
48	540.0965	540.2243	1
48	550.1549	550.2788	1
48	577.0636	577.1952	1
48	578.0622	578.1867	1
48	579.0485	579.2256	1
48	593.0787	593.2383	1
48	594.0804	594.2326	1
48	595.0767	595.2293	1
48	596.0834	596.2285	1
48	607.143	607.2754	1
48	608.1563	608.2728	1
48	609.1478	609.2646	1
48	610.1014	610.2671	1
48	611.1059	611.2719	1
48	612.1048	612.263	1
48	613.1061	613.2565	1
48	624.1675	624.3047	1
48	642.8801	643.0138	4
48	643.2127	643.3466	4
48	651.0703	651.2152	1
48	652.0794	652.2156	1
48	666.7427	666.8089	3
48	666.7427	666.8089	2
48	667.0848	667.2621	1
48	668.0943	668.2627	1
48	669.0875	669.2562	1
48	670.0922	670.2519	1
48	681.1609	681.305	1
48	684.1103	684.2937	1
48	685.1105	685.2942	1
48	686.1129	686.2874	1
48	687.1176	687.2826	1
48	698.1867	698.2661	1
48	699.1783	699.228	1
48	741.1056	741.1256	1
48	742.1031	742.1231	1
48	743.1136	743.1336	1
48	758.1289	758.1489	1
48	759.1273	759.1473	1
48	760.139	760.159	1
48	815.1171	815.1371	1
48	816.1176	816.1376	1
48	832.1473	832.1673	1
48	833.1535	833.1735	1
48	834.1485	834.1685	1
48	868.645	868.665	4
48	868.645	868.665	3
48	868.645	868.665	2
48	887.6165	887.6365	4
48	887.6165	887.6365	3
48	887.6165	887.6365	2
48	887.7585	887.7785	4
48	887.929	887.949	3
48	887.7727	887.7927	2
48	888.0	888.02	3
49	355.0201	355.1191	1
49	356.0278	356.1164	1
49	357.0218	357.1106	1
49	358.0272	358.1091	1
49	358.9894	359.1299	1
49	359.9885	360.0672	1
49	360.9917	361.0559	1
49	362.1138	362.1338	1
49	366.0789	366.144	1
49	367.1001	367.1957	1
49	368.0537	368.1305	1
49	369.0832	369.1641	1
49	370.0865	370.16	1
49	371.0133	371.1561	4
49	371.0133	371.1561	3
49	371.0133	371.1561	1
49	371.2705	371.3635	1
49	372.0476	372.1563	4
49	372.0476	372.1563	1
49	373.0476	373.1682	1
49	374.0477	374.2114	1
49	375.0557	375.142	1
49	381.0425	381.1224	1
49	382.0389	382.119	1
49	383.0432	383.1799	1
49	383.8171	383.9058	3
49	384.1565	384.2412	3
49	384.1565	384.2412	1
49	385.1123	385.1973	1
49	388.1492	388.239	1
49	391.1639	391.3376	1
49	392.2419	392.3328	1
49	393.044	393.1225	4
49	393.044	393.1225	1
49	393.2532	393.3443	1
49	394.0456	394.1244	4
49	396.0397	396.1358	1
49	399.2968	399.4025	1
49	400.3055	400.3943	1
49	402.1653	402.2416	1
49	409.0687	409.1554	1
49	413.2134	413.3146	1
49	419.2683	419.362	1
49	420.2749	420.3643	1
49	421.2806	421.3749	2
49	421.2806	421.3749	1
49	421.7964	421.8722	2
49	428.8413	428.9376	4
49	429.0178	429.1523	1
49	430.0358	430.142	1
49	430.8366	430.943	4
49	430.8366	430.943	1
49	431.0335	431.14	1
49	431.8466	431.9341	4
49	431.8466	431.9341	1
49	432.0394	432.1848	1
49	432.8361	432.9383	4
49	432.8361	432.9383	1
49	433.8483	433.9266	1
49	440.6769	440.7714	2
49	445.0502	445.1862	1
49	445.8882	445.979	4
49	446.055	446.1863	1
49	447.0582	447.1747	4
49	447.0582	447.1747	1
49	447.3019	447.3931	1
49	448.0648	448.1765	4
49	448.0648	448.1765	1
49	449.0646	449.1714	1
49	455.1392	455.2374	1
49	459.1274	459.2213	2
49	459.1274	459.2213	1
49	459.7089	459.7925	2
49	462.0783	462.2157	1
49	463.0879	463.2096	1
49	464.0846	464.2012	1
49	465.09	465.2015	1
49	466.0932	466.1943	1
49	467.051	467.1523	1
49	468.0552	468.1513	1
49	488.1955	488.285	1
49	489.0015	489.1028	4
49	489.1758	489.2887	1
49	503.0452	503.1682	1
49	504.0523	504.1695	1
49	505.0381	505.2041	1
49	519.0586	519.2183	1
49	520.0632	520.2106	1
49	521.0708	521.2057	1
49	522.0748	522.2037	1
49	523.0754	523.1918	1
49	535.1438	535.2369	1
49	536.0822	536.2489	1
49	537.0966	537.2369	1
49	538.0938	538.2344	1
49	539.0937	539.228	1
49	540.1032	540.2243	1
49	550.1549	550.2788	1
49	551.1678	551.2781	1
49	577.0636	577.1952	1
49	578.0622	578.1867	1
49	579.0484	579.2331	1
49	593.0787	593.2383	1
49	594.0803	594.2403	1
49	595.0767	595.2292	1
49	596.0834	596.2285	1
49	607.1429	607.2754	1
49	608.1482	608.2727	1
49	609.1478	609.2646	1
49	610.1014	610.267	1
49	611.1059	611.2719	1
49	612.1048	612.263	1
49	613.1061	613.2565	1
49	624.1675	624.3047	1
49	651.0703	651.2152	1
49	666.7427	666.8089	3
49	666.7427	666.8089	2
49	667.0848	667.2621	1
49	668.0943	668.2626	1
49	669.0874	669.2654	1
49	670.0921	670.2519	1
49	681.1609	681.305	1
49	684.1103	684.2936	1
49	685.1105	685.2942	1
49	686.1129	686.2873	1
49	687.1175	687.2826	1
49	698.1867	698.2958	1
49	741.1056	741.1256	1
49	742.1031	742.1231	1
49	743.1136	743.1336	1
49	758.1176	758.1376	1
49	759.1273	759.1473	1
49	760.139	760.159	1
49	815.1171	815.1371	1
49	816.1176	816.1376	1
49	832.1472	832.1672	1
49	833.1534	833.1734	1
49	834.1485	834.1685	1
49	868.645	868.665	4
49	868.645	868.665	3
49	868.645	868.665	2
49	887.7585	887.7785	4
50	355.0201	355.1227	1
50	356.0279	356.1164	1
50	357.0182	357.1107	1
50	358.0272	358.1091	1
50	358.9894	359.1336	1
50	359.9922	360.0672	1
50	360.9917	361.0559	1
50	367.1002	367.1655	1
50	368.0575	368.1268	1
50	369.0832	369.1642	1
50	370.0827	370.1601	1
50	371.0133	371.16	4
50	371.0133	371.16	3
50	371.0133	371.16	1
50	371.2667	371.3636	1
50	372.0477	372.1563	4
50	372.0477	372.1563	1
50	373.0476	373.145	1
50	374.0516	374.1454	1
50	375.0557	375.1381	1
50	381.0425	381.1224	1
50	382.0469	382.119	1
50	383.0432	383.1799	1
50	383.8212	383.9058	3
50	384.1565	384.2372	3
50	384.1565	384.2372	1
50	385.1124	385.1973	1
50	388.1492	388.2308	1
50	391.1556	391.3335	1
50	392.2461	392.3329	1
50	393.044	393.1226	4
50	393.2533	393.3443	1
50	395.0935	395.1641	1
50	396.0397	396.1316	1
50	399.2969	399.3983	1
50	400.3055	400.3943	1
50	402.1697	402.246	1
50	409.0688	409.1554	1
50	413.2225	413.3147	1
50	419.2683	419.3621	1
50	420.2796	420.3597	1
50	421.2806	421.3795	2
50	421.2806	421.3795	1
50	421.7964	421.8722	2
50	428.8413	428.9424	4
50	429.0226	429.1523	1
50	430.0359	430.1421	1
50	430.8366	430.9382	4
50	430.8366	430.9382	1
50	431.0335	431.1352	1
50	431.8515	431.9293	4
50	431.8515	431.9293	1
50	432.0395	432.1848	1
50	432.8313	432.9383	4
50	440.6769	440.7714	2
50	445.0502	445.1862	1
50	445.8882	445.979	4
50	446.0551	446.1914	1
50	447.0583	447.1747	4
50	447.0583	447.1747	1
50	447.2969	447.3931	1
50	448.0648	448.1765	4
50	448.0648	448.1765	1
50	449.0646	449.1664	1
50	455.1392	455.2374	1
50	456.1471	456.2351	1
50	459.1327	459.2161	1
50	462.0784	462.2157	1
50	463.0826	463.2095	1
50	464.0846	464.2012	1
50	465.09	465.2016	1
50	466.0933	466.1943	1
50	467.051	467.1577	1
50	468.0552	468.1513	1
50	476.1509	476.2434	1
50	488.1956	488.2503	1
50	489.0016	489.1029	4
50	489.1758	489.2888	1
50	503.0453	503.1683	1
50	504.0524	504.1696	1
50	505.0381	505.2042	1
50	519.0586	519.2183	1
50	520.0632	520.217	1
50	521.0708	521.2058	1
50	522.0749	522.2038	1
50	523.0755	523.1918	1
50	536.0823	536.2489	1
50	537.0967	537.2437	1
50	538.0938	538.2345	1
50	539.0938	539.228	1
50	550.1618	550.2719	1
50	551.1678	551.2712	1
50	577.0636	577.1953	1
50	578.0622	578.1867	1
50	579.0485	579.2331	1
50	593.0788	593.2384	1
50	594.0804	594.2404	1
50	595.0768	595.2293	1
50	596.0835	596.2285	1
50	607.143	607.2755	1
50	608.1483	608.2728	1
50	609.1478	609.2647	1
50	610.1014	610.2671	1
50	611.1059	611.2638	1
50	612.1048	612.2631	1
50	613.1061	613.2566	1
50	642.8801	643.0139	4
50	642.8801	643.0139	3
50	652.0794	652.2067	1
50	667.0849	667.2622	1
50	668.0943	668.2627	1
50	669.0875	669.2655	1
50	670.0922	670.2519	1
50	681.1514	681.3051	1
50	682.1643	682.2895	1
50	683.1698	683.2953	1
50	684.1103	684.2937	1
50	685.1106	685.2943	1
50	686.113	686.2874	1
50	687.1176	687.2827	1
50	741.0948	741.1148	1
50	742.1032	742.1232	1
50	743.1136	743.1336	1
50	758.1289	758.1489	1
50	759.1386	759.1586	1
50	780.7581	780.7781	1
50	806.6744	806.6944	1
50	815.1171	815.1371	1
50	816.1176	816.1376	1
50	817.12	817.14	1
50	818.1242	818.1442	1
50	832.1344	832.1544	1
50	868.6588	868.6788	4
50	868.6588	868.6788	3
50	887.5172	887.5372	4
50	887.9148	887.9348	3
50	887.7585	887.7785	2
51	355.0201	355.1191	1
51	356.0242	356.1164	1
51	357.0254	357.1106	1
51	358.0272	358.1091	1
51	358.9894	359.13	1
51	359.9921	360.0672	1
51	360.988	361.0559	1
51	368.0575	368.123	1
51	369.0794	369.1641	1
51	370.0904	370.1562	1
51	371.0133	371.16	4
51	371.0133	371.16	3
51	371.0133	371.16	1
51	371.2705	371.3635	1
51	372.0438	372.1563	4
51	372.0438	372.1563	1
51	373.0476	373.145	1
51	374.0516	374.1454	1
51	375.0557	375.1381	1
51	381.0425	381.1224	1
51	382.0429	382.119	1
51	383.0432	383.1799	1
51	383.8212	383.9058	3
51	384.1565	384.2372	3
51	384.1565	384.2372	1
51	385.1083	385.1973	1
51	388.1492	388.2308	1
51	391.1597	391.242	1
51	392.1752	392.3328	1
51	393.044	393.1226	4
51	393.2491	393.3401	1
51	395.0893	395.1641	1
51	396.0397	396.1316	1
51	399.2969	399.3983	1
51	400.3055	400.3943	1
51	402.1697	402.246	1
51	409.0687	409.1554	1
51	413.2225	413.3146	1
51	419.2683	419.3621	1
51	420.2749	420.3597	1
51	421.2806	421.3749	2
51	421.2806	421.3749	1
51	421.7917	421.8722	2
51	428.8413	428.9376	4
51	429.0273	429.1476	1
51	430.0358	430.1468	1
51	430.8366	430.9382	4
51	430.8366	430.9382	1
51	431.0335	431.1352	1
51	431.8515	431.9293	4
51	431.8515	431.9293	1
51	432.0394	432.1848	1
51	432.8361	432.9383	4
51	445.0452	445.1862	1
51	445.8882	445.979	4
51	446.0551	446.1864	1
51	447.0582	447.1747	4
51	447.0582	447.1747	1
51	448.0648	448.1765	1
51	449.0646	449.1663	1
51	455.1392	455.2374	1
51	456.1523	456.2351	1
51	459.1327	459.2161	1
51	462.0784	462.2157	1
51	463.0826	463.2094	1
51	464.0846	464.2012	1
51	465.09	465.1962	1
51	466.0933	466.1943	1
51	467.051	467.1577	1
51	468.0552	468.1513	1
51	476.1509	476.2434	1
51	489.0074	489.1028	4
51	489.1758	489.2829	1
51	503.0452	503.1682	1
51	504.0523	504.1696	1
51	505.0381	505.2042	1
51	519.0586	519.2183	1
51	520.0632	520.217	1
51	521.0708	521.2057	1
51	522.0749	522.1974	1
51	523.0754	523.1918	1
51	536.0889	536.2489	1
51	537.0966	537.2436	1
51	538.0938	538.2345	1
51	539.1005	539.228	1
51	550.1618	550.2719	1
51	577.0636	577.1952	1
51	578.0622	578.1867	1
51	579.0559	579.2256	1
51	593.0787	593.2384	1
51	594.0804	594.2326	1
51	595.0767	595.2293	1
51	596.0834	596.2285	1
51	607.143	607.2754	1
51	608.1482	608.2647	1
51	609.1478	609.2647	1
51	610.1014	610.2671	1
51	611.1059	611.2638	1
51	612.1048	612.263	1
51	613.1061	613.2565	1
51	642.8801	643.0138	4
51	642.8801	643.0138	3
51	667.0848	667.2621	1
51	668.0943	668.2627	1
51	669.0875	669.2562	1
51	670.1015	670.2519	1
51	683.1698	683.2953	1
51	684.1103	684.2937	1
51	685.1105	685.2942	1
51	686.1129	686.2874	1
51	687.1272	687.2826	1
51	741.0948	741.1148	1
51	742.1032	742.1232	1
51	743.1136	743.1336	1
51	758.1289	758.1489	1
51	759.1386	759.1586	1
51	815.1171	815.1371	1
51	816.1176	816.1376	1
51	817.1199	817.1399	1
51	832.1473	832.1673	1
51	868.6588	868.6788	4
51	868.6588	868.6788	3
51	887.5171	887.5371	4
51	887.9148	887.9348	3
51	887.7585	887.7785	2
