12040	1	S
0	508223.4
1	201982.7
2	74984.44
6	179049.6
8	49491.27
9	40560.19
10	254184.8
11	334758.4
12	322636.3
13	97194.09
14	93981.95
15	733848.9
16	390215.0
17	346434.3
18	86136.58
19	354248.0
20	41084.43
21	83044.72
22	94792.41
23	34121.0
24	96711.46
25	89990.38
26	58568.34
27	149383.9
28	77322.26
32	45970.82
33	69326.77
34	37754.23
35	80227.1
36	44066.11
37	58801.05
38	35462.54
39	49238.25
40	82419.21
45	83817.41
46	67546.4
47	88146.45
48	92975.28
50	86845.95
53	43932.81
59	52479.75
60	50204.66
61	540194.0
62	504375.3
63	199300.4
64	126346.3
65	48951.39
73	858499.7
74	920391.1
75	56550.71
76	423865.0
77	131877.7
79	103751.1
81	37896.96
89	3100520.0
90	1384469.0
91	448110.1
92	55522.6
93	97974.15
94	49956.35
99	1699561.0
100	413334.0
101	1541573.0
102	348598.3
103	272764.6
104	429953.4
106	153076.3
115	68116.56
116	4613014.0
117	2100428.0
118	5177165.0
120	4080934.0
121	162364.0
122	1426999.0
123	354699.2
124	85078.57
125	68953.27
133	501786.4
135	1067938.0
136	734672.0
138	336440.3
139	89986.24
142	629434.3
145	52865.71
148	236222.5
149	47428.21
150	106291.9
151	56849.35
152	158938.4
154	124324.9
162	99361.85
163	45493.11
164	122412.5
165	35435.29
167	47433.05
170	93364.35
171	305063.9
173	56055.31
174	174036.3
175	46817.32
180	46759.42
181	723666.4
182	200285.3
184	52999.97
185	603083.6
186	97671.65
187	540038.1
188	132414.5
189	97666.78
190	601590.6
195	196118.5
198	217270.8
199	90482.38
200	92453.25
201	43643.04
202	52222.99
203	43202.88
204	86888.89
205	66342.75
206	70707.53
207	191152.4
208	73289.49
209	7870752.0
211	7712617.0
212	4058800.0
214	68082.73
215	1584239.0
216	80662.37
217	320949.7
219	99887.81
231	66127.55
234	46630.61
235	1027698.0
236	966900.4
237	677689.0
238	46307.22
239	247153.5
240	45929.7
241	65092.57
242	68526.7
248	70479.95
251	152467.9
253	80037.52
255	686244.0
257	49780.62
258	58411.28
259	897287.3
261	4541975.0
263	886128.9
265	4755596.0
267	79066.33
268	2796617.0
270	101225.6
271	1106908.0
272	70486.2
273	337808.5
275	54823.18
277	87154.29
282	154898.8
287	227910.8
290	46148.97
294	159813.8
297	163773.5
298	90111.61
301	105074.1
302	59694.25
303	76424.11
304	48536.04
305	47127.39
309	44051.57
310	41614.77
311	75164.66
312	101345.1
313	157273.9
314	47614.79
315	67891.12
316	56885.16
317	2224208.0
318	1783595.0
319	861290.7
320	93818.85
321	235146.6
322	111974.8
324	75403.24
335	167429.2
336	159359.4
337	406900.2
338	101570.8
339	66083.39
340	227729.9
341	43128.49
342	361380.0
343	102514.9
344	119348.1
345	68500.12
348	48484.43
353	66272.91
355	51486.48
356	250128.6
360	137635.1
364	48299.01
365	155600.6
367	126606.2
368	91432.82
372	117819.0
374	59626.41
377	51149.66
382	92302.89
383	57985.71
384	670777.8
385	85963.16
386	569078.6
387	527623.3
388	149042.8
389	71193.34
391	44440.11
393	43612.54
396	312786.8
398	257988.6
400	64989.56
407	59291.93
408	267627.0
409	39041.24
410	331482.3
411	88886.06
412	89958.03
413	87888.34
414	70350.41
415	1883125.0
416	124127.1
418	1022282.0
420	1061046.0
421	136790.8
423	591546.4
426	221170.2
431	57135.84
434	50338.84
435	63699.39
436	74538.0
437	88753.38
438	167716.7
439	223843.7
440	148506.4
441	74594.19
442	709901.1
443	920878.8
444	453085.4
446	356591.9
449	136613.1
450	284117.2
451	67799.78
453	172414.0
455	1541984.0
456	1866351.0
458	1595193.0
459	997389.3
460	458512.1
461	174675.1
463	56061.35
465	119944.1
466	93167.31
468	92431.14
469	90567.94
478	383281.2
479	153262.1
480	399782.8
481	480230.9
482	324093.6
483	62689.93
484	67737.73
485	393461.9
486	591547.9
487	493705.1
488	148180.4
489	277704.0
490	144354.6
491	86337.14
492	41665240.0
493	58111700.0
494	40817860.0
495	20981640.0
496	8084329.0
497	2530582.0
498	628525.8
499	273365.5
501	597605.4
502	694499.4
503	589291.6
505	224490.3
506	69140.13
511	147833.3
512	174991.1
514	112489.2
516	78931.89
518	72164.28
520	135074.3
521	139833.3
522	192542.0
523	189604.3
524	169867.9
525	123275.0
526	192688.7
527	136324.2
528	125888.8
530	81961.63
533	676489.3
534	680799.1
536	465644.4
538	277408.2
540	232208.8
542	174969.9
543	201179.9
549	78921.33
550	73668.17
551	90251.68
552	630130.5
553	171116.3
554	598536.1
555	239883.8
559	107644.5
561	1874169.0
562	78377.45
565	1849602.0
567	818957.3
569	449151.0
575	195442.3
577	341573.5
578	164484.7
580	188817.8
581	56238.95
582	170041.0
583	2309366.0
584	100646.6
585	69123.13
586	506865.7
587	309823.5
589	593897.4
593	127671.2
595	1749972.0
597	3324997.0
598	2350792.0
599	90053.16
600	990964.6
601	93435.09
602	837169.6
603	800406.8
605	146480.6
607	65739.02
609	350989.9
611	68957.89
613	93131.13
618	316597.4
620	197773.8
623	2561920.0
624	107075.3
625	1551941.0
626	467864.0
627	131233.1
630	121474.3
632	66758.86
634	178145.1
635	97923.95
636	160393.2
638	78282.44
640	66952.68
641	127142.5
643	119734.4
645	3368440.0
646	83952.41
647	110816.4
649	909198.5
651	125849.8
652	411275.2
653	584589.8
654	277097.1
655	354518.5
657	137661.1
658	89359.84
660	81889.56
666	234552.5
668	69623.19
669	90945.45
672	123168.3
673	122537.9
675	130109.2
676	132199.0
679	65109.91
682	98242.16
684	53928.9
686	68216.01
688	51470.24
697	75665.64
698	369809.9
700	219574.5
701	153985.8
702	166579.5
704	174389.7
706	159043.7
707	168300.3
721	126076.9
722	165336.0
723	80467.4
724	60334.11
725	63475.63
726	83256.95
727	102151.6
728	77809.19
729	96083.43
730	901703.9
731	980339.2
732	470987.4
733	176886.7
736	304209.4
738	290812.4
740	118261.6
742	136085.7
744	147178.6
746	92024.92
748	95820.38
761	126012.8
762	163430.3
763	145596.8
764	234243.3
766	78302.91
768	303447.0
770	283991.3
772	176068.9
779	78010.46
780	141041.8
781	81229.2
785	114651.7
787	4488832.0
788	269964.9
790	242056.3
791	4300343.0
794	164610.2
795	2141063.0
798	138347.5
800	829624.1
803	234387.0
806	1487187.0
809	91580.61
811	89155.36
812	231346.3
815	133296.4
816	506966.7
817	181228.0
818	117305.4
820	141622.0
821	99145.43
826	1074367.0
829	1059216.0
832	744822.4
834	498416.9
836	151796.1
838	957687.4
840	853304.0
844	481839.0
845	102811.4
847	477711.0
849	351243.7
852	295521.1
853	158505.9
854	81611.57
855	89757.15
861	530947.4
863	423171.0
865	249519.9
874	82986.52
875	175626.6
876	409349.2
877	272216.8
878	154996.3
879	89814.7
880	71489.14
881	55394.17
884	101330.6
887	164780.2
902	345758.9
903	915299.9
904	1052922.0
905	558243.2
906	485550.9
907	220903.4
908	149757.4
910	144716.0
911	77062.34
923	161078.8
925	112097.6
927	143223.6
928	116050.7
929	76951.48
930	170499.6
931	189922.9
932	143635.2
933	316850.1
934	105992.8
936	205948.6
937	279530.5
939	75894.13
940	138714.5
947	242510.7
949	346790.4
956	71439.56
957	96216.13
959	184195.8
960	189952.4
962	173138.8
965	149015.0
968	1243001.0
970	131799.8
971	1007901.0
973	354886.2
975	2658868.0
977	126091.8
978	3828071.0
979	271174.8
980	3301078.0
981	2540126.0
983	118391.5
984	1259929.0
986	394697.5
987	310774.4
990	575319.6
992	622732.3
993	263090.8
995	90995.45
998	130131.7
999	120643.5
1002	89058.0
1009	85341.56
1010	388423.8
1015	108670.2
1016	85572.55
1023	10059560.0
1025	358953.7
1026	8540710.0
1027	207922.8
1028	3549633.0
1031	1211958.0
1033	237790.5
1035	157683.1
1036	176304.3
1037	67591.44
1038	92934.48
1040	220935.6
1041	80899.08
1042	409305.6
1046	166146.1
1050	670715.5
1052	905931.9
1054	977089.1
1056	555935.6
1057	177928.1
1058	135036.3
1062	742076.8
1063	129926.4
1065	595088.1
1068	520040.2
1072	197732.3
1083	153193.1
1084	170839.1
1085	125039.1
1086	299844.0
1087	180704.9
1088	173001.6
1090	158366.2
1092	218519.2
1094	519221.9
1096	806466.4
1097	167587.1
1099	737370.9
1102	400105.4
1104	184721.7
1111	154323.4
1112	611477.4
1114	29700360.0
1116	42299020.0
1118	31707750.0
1120	15586040.0
1121	451087.8
1122	7174571.0
1123	428169.4
1124	2434720.0
1125	201368.4
1126	569749.4
1128	161605.8
1137	195397.6
1140	121822.5
1141	149906.2
1144	265134.4
1146	124132.2
1149	126296.7
1152	173416.5
1153	6709329.0
1155	14141040.0
1156	16787550.0
1158	12433090.0
1159	8038051.0
1161	4451887.0
1162	1859051.0
1163	726279.1
1164	171860.9
1165	350408.5
1166	277328.3
1167	182631.3
1170	102301.6
1172	138083.6
1179	223231.7
1185	83498.51
1188	174539.1
1191	411728.2
1192	141465.4
1193	274518.9
1194	98122.31
1197	195678.1
1201	109221.1
1203	139286.9
1209	295731.1
1212	403757.1
1213	267114.8
1216	207001.8
1217	150577.3
1218	274830.8
1220	119935.7
1221	160372.4
1223	286786.9
1224	166606.9
1226	95203.67
1228	229030.1
1229	201336.7
1231	238681.5
1232	264620.4
1233	231426.8
1236	244537.3
1237	198645.3
1239	248065.3
1244	125501.7
1250	96287.57
1251	116881.3
1252	199950.9
1253	122023.0
1254	264034.8
1255	193209.8
1256	126756.3
1257	402212.2
1258	536584.0
1260	338154.1
1261	174904.1
1264	520695.8
1265	153250.7
1266	392629.2
1268	154433.2
1269	364169.5
1273	146054.7
1276	272281.4
1280	214337.6
1285	236757.9
1287	130060.1
1289	882457.5
1290	1235900.0
1292	768013.1
1293	1449723.0
1294	287849.8
1296	938018.6
1298	534105.9
1301	114107.9
1308	1221940.0
1309	485604.7
1311	389235.5
1313	1001089.0
1315	269986.5
1317	380134.6
1320	230417.4
1321	317544.7
1323	135095.6
1326	682329.3
1327	579070.8
1330	541094.0
1331	793139.0
1333	349379.2
1334	634077.3
1335	529592.4
1337	125207.0
1351	151394.3
1353	137154.0
1355	144384.5
1356	232904.7
1357	130900.0
1358	154396.5
1362	110969.0
1364	145879.4
1370	94589.48
1372	91341.12
1373	177248.4
1374	153440.4
1375	159052.8
1376	145723.2
1382	1257405.0
1383	90649.26
1384	605709.8
1385	105486.9
1389	216574.8
1390	587711.6
1391	684971.4
1392	650762.8
1393	473557.0
1394	194620.9
1395	175798.4
1396	96556.63
1411	88872.84
1415	129124.4
1416	137678.7
1417	101952.5
1418	97616.53
1419	389990.4
1420	1059417.0
1421	1332457.0
1422	1797138.0
1423	1569502.0
1424	1213135.0
1425	746600.8
1426	578136.1
1427	445570.4
1428	149825.6
1429	255474.5
1431	232976.2
1434	138998.6
1449	104950.0
1450	93641.09
1459	120005.6
1460	85872.01
1461	124488.6
1462	226829.7
1463	134734.7
1464	118968.0
1465	134874.2
1466	132166.9
1467	188175.8
1468	100233.8
1469	141168.0
1470	341245.2
1473	267938.3
1474	543449.4
1477	729779.6
1479	322921.5
1481	359438.5
1483	289259.8
1495	197540.8
1496	247546.1
1497	463585.2
1498	487950.4
1499	379780.2
1500	165577.7
1501	291654.0
1502	348513.0
1503	131424.5
1504	134013.1
1505	221873.7
1506	2170575.0
1507	2778262.0
1508	405256.2
1509	1487680.0
1510	480412.9
1511	779413.3
1512	271820.1
1513	496666.0
1519	245587.8
1520	563106.6
1521	292478.3
1524	225608.5
1529	396419.1
1531	238905.1
1533	265713.3
1535	166227.0
1538	197565.2
1539	124854.0
1540	185507.7
1541	781692.1
1542	1079219.0
1543	964894.4
1544	907427.1
1545	437505.1
1546	105387.5
1549	260468.7
1554	154371.5
1564	152089.5
1565	197079.8
1566	744373.3
1567	95761.89
1568	698902.6
1569	106552.5
1570	404155.5
1575	148501.0
1577	144881.9
1578	162984.4
1581	145818.5
1582	130262.4
1583	269885.1
1584	155259.7
1585	213031.9
1587	190729.5
1590	266137.9
1592	284755.7
1593	563265.5
1594	354617.7
1596	516747.2
1597	342856.4
1598	150541.3
1601	277434.6
1602	688167.9
1603	629478.7
1604	854883.4
1605	480041.4
1606	191547.0
1607	457710.9
1610	310915.8
1612	223809.9
1614	182277.7
1626	146265.0
1627	204784.3
1628	133496.2
1629	203657.2
1630	118305.3
1631	157784.7
1632	2486944.0
1633	4770868.0
1634	4258056.0
1635	3042962.0
1636	1314632.0
1637	799728.1
1638	240575.0
1640	3632734.0
1642	6800514.0
1644	7900236.0
1646	6767018.0
1647	4528463.0
1649	1963474.0
1651	1106755.0
1653	415696.3
1668	169431.8
1669	237846.7
1670	165071.8
1671	96508.73
1677	213280.4
1678	343761.1
1679	270815.7
1680	372936.8
1682	313322.1
1684	196506.7
1689	180198.3
1692	238497.9
1696	269663.7
1697	309771.6
1698	283426.4
1699	345571.3
1700	177813.6
1701	164514.7
1702	181238.6
1703	209436.9
1704	105887.8
1705	113634.5
1706	561146.6
1708	2322574.0
1709	3921391.0
1710	4509532.0
1711	4155966.0
1712	3384255.0
1713	2286517.0
1714	1685388.0
1716	986806.4
1717	210543.2
1718	188356.4
1723	227596.4
1725	200974.5
1729	123667.1
1730	213594.5
1739	262862.7
1740	237895.3
1741	175365.1
1742	387736.5
1743	191609.8
1744	541215.6
1745	213475.5
1747	320195.9
1748	105860.8
1750	206299.2
1755	384597.2
1756	191484.2
1758	193134.1
1762	186394.5
1766	272258.0
1767	381655.5
1770	159369.8
1771	151573.1
1772	218284.8
1773	166295.2
1774	102338.4
1775	196688.1
1776	143769.6
1777	212682.9
1778	276833.2
1781	139272.3
1783	132610.2
1785	321121.8
1786	138893.3
1790	177976.2
1791	129029.6
1793	196555.4
1794	112066.7
1795	297464.8
1796	155617.1
1797	153307.5
1803	258133.9
1804	152262.6
1805	389741.5
1806	258848.0
1807	119394.3
1811	126011.6
1812	211655.5
1813	139630.4
1819	167510.6
1820	237790.7
1821	480733.2
1822	317656.1
1823	216562.5
1825	3785033.0
1828	4823462.0
1831	3889373.0
1834	1935316.0
1837	609752.6
1839	202616.1
1851	179891.7
1852	766642.7
1853	966315.9
1854	1259445.0
1855	1302467.0
1856	744856.8
1857	773217.2
1858	411136.0
1862	200269.9
1863	191431.4
1864	24678140.0
1865	22995060.0
1866	12720670.0
1867	5093625.0
1868	156625.7
1869	1425100.0
1870	373745.2
1871	391592.3
1872	594666.8
1874	229324.3
1878	225615.6
1880	143691.2
1882	124588.4
1884	182408.0
1889	124053.0
1892	147972.0
1893	177859.5
1894	194085.3
1895	291481.3
1896	487926.5
1897	454667.0
1899	226508.2
1900	110283.2
1911	182626.3
1912	130077.5
1913	511843.0
1914	527883.5
1915	303953.8
1921	275945.2
1923	144073.8
1926	138557.8
1927	301746.5
1928	135996.3
1935	135929.8
1936	197373.9
1937	551906.9
1938	728099.7
1939	688178.8
1940	441491.9
1941	201880.6
1942	201114.5
1946	171170.0
1949	156792.7
1950	179908.3
1951	106512.8
1957	105987.8
1958	275641.7
1959	232009.6
1960	261069.0
1961	285285.3
1962	306507.2
1963	322045.2
1965	129547.6
1971	212046.8
1972	265122.8
1977	179114.0
1978	462535.7
1979	241872.4
1984	747795.0
1985	1757015.0
1986	3172117.0
1987	3891567.0
1988	3827830.0
1989	2502552.0
1990	1506701.0
1991	1191579.0
1992	484139.9
1993	213825.5
1994	211098.6
1999	119584.1
2018	191625.7
2019	116359.3
2020	205964.1
2021	138460.2
2022	126013.0
2023	873921.9
2024	1388330.0
2025	1650632.0
2026	1745769.0
2027	782488.1
2028	425940.9
2043	212549.4
2044	203668.3
2045	439529.4
2046	174133.7
2059	360598.0
2060	234380.4
2061	48283.86
2065	167063.0
2067	64575.57
2068	48942.29
2069	257840.5
2070	508846.8
2071	102832.0
2072	179592.7
2073	257709.9
2074	91726.88
2075	770151.2
2076	968752.4
2077	233451.2
2078	66701.71
2079	281129.5
2080	51588.36
2081	81131.89
2082	93071.73
2085	179151.4
2086	64473.34
2087	71386.34
2088	46740.64
2089	494086.4
2090	389185.9
2091	81896.54
2096	41096.42
2097	279345.1
2098	212956.4
2103	52128.21
2104	87187.69
2105	143632.8
2107	69871.54
2110	35682.11
2116	150195.9
2117	613783.8
2118	539215.4
2119	391792.3
2120	77475.2
2121	118782.6
2122	67518.8
2130	43315.63
2131	904538.3
2132	903247.1
2133	58791.66
2134	396064.2
2135	277296.6
2137	52102.27
2143	4358771.0
2144	2198939.0
2145	679353.4
2146	66057.39
2147	172092.3
2152	860790.0
2153	1147864.0
2154	712046.6
2155	585157.9
2156	411222.3
2157	234975.5
2159	100552.1
2167	3297203.0
2168	1465625.0
2169	74275.46
2170	2516462.0
2172	49228.91
2173	1733674.0
2174	117845.9
2175	691958.9
2177	132706.3
2187	332906.8
2189	915306.3
2190	414575.9
2191	477311.1
2192	73133.34
2195	303397.7
2198	95161.99
2201	209748.5
2203	117713.5
2205	77874.98
2207	54199.64
2212	205270.3
2213	80930.02
2214	83027.3
2215	174866.4
2222	441008.0
2225	143059.4
2228	53250.6
2230	99612.74
2231	278381.1
2232	819878.4
2233	189146.7
2235	59523.92
2236	71802.48
2238	2591480.0
2239	2182723.0
2241	1451896.0
2243	505839.4
2244	621520.3
2246	219076.0
2248	140610.7
2250	113076.9
2252	221381.8
2254	92199.66
2255	113865.7
2256	284293.7
2257	55820.35
2258	158112.6
2260	72590.93
2261	168736.5
2264	56063.0
2269	87334.8
2270	59835.05
2271	193770.3
2272	136576.8
2273	2554711.0
2275	2791725.0
2276	1376411.0
2278	116423.6
2279	433374.5
2280	52126.38
2293	76231.21
2294	59729.29
2295	116138.3
2296	2399489.0
2297	2355310.0
2298	1041752.0
2299	48881.2
2300	634948.6
2301	51066.14
2302	223865.8
2305	58713.04
2309	193370.5
2312	83315.0
2314	103688.3
2316	1146661.0
2318	66631.65
2319	79430.3
2320	2080313.0
2321	5434575.0
2323	1590144.0
2324	5721434.0
2325	577579.9
2326	2837720.0
2328	401614.3
2329	1278877.0
2331	387872.1
2333	168576.8
2334	152370.6
2338	174572.2
2343	216230.9
2345	70238.58
2347	199696.5
2349	192609.3
2350	73564.73
2354	85467.75
2355	56736.77
2356	81686.38
2358	250487.5
2359	119997.0
2366	154422.8
2368	93917.92
2370	74540.08
2371	58735.02
2375	96178.84
2376	220438.0
2377	85226.98
2378	95306.24
2379	52103.43
2380	78137.34
2381	4038586.0
2382	3092206.0
2383	1286704.0
2384	350179.7
2385	356015.0
2386	323518.2
2388	240861.7
2399	219926.7
2400	354485.9
2401	190051.8
2402	223731.6
2403	64669.65
2404	83337.02
2405	268754.3
2407	110524.1
2417	214802.5
2418	82715.48
2419	279905.8
2421	268864.8
2422	111933.0
2423	285138.2
2424	86504.64
2426	231695.3
2428	111655.7
2432	70833.38
2441	61918.33
2442	96646.34
2443	54759.34
2444	135639.8
2445	139285.8
2446	73722.48
2451	94907.78
2454	243751.0
2456	124504.3
2457	92475.5
2458	109629.8
2464	50840.18
2465	117296.1
2466	150386.3
2467	84164.24
2468	66248.83
2470	110107.0
2472	86553.2
2473	132505.4
2474	1599226.0
2475	51165.76
2479	737271.2
2482	580445.0
2483	183288.3
2486	249457.6
2489	117087.3
2496	102249.9
2497	212082.9
2499	73861.83
2500	54343.3
2501	94434.5
2502	90795.47
2509	116784.9
2510	297103.6
2511	169187.6
2512	70130.25
2513	624149.1
2514	967049.4
2515	776702.7
2516	490832.7
2517	145575.7
2518	144943.0
2519	435295.7
2520	115270.8
2521	309874.8
2523	142362.7
2525	1099695.0
2526	1693801.0
2528	1426696.0
2530	858092.8
2531	375718.2
2534	113693.7
2535	139182.0
2536	80643.29
2537	322820.3
2538	98390.7
2539	269518.7
2540	281396.8
2541	190942.8
2542	122037.3
2543	74023.45
2544	340196.3
2545	158044.9
2546	123719.6
2547	506876.8
2548	298226.8
2549	386149.3
2550	190746.3
2551	212880.5
2552	96729.52
2553	121796.3
2554	173827.9
2555	77737.41
2556	355388.0
2557	48209680.0
2558	65863820.0
2559	48979890.0
2560	22190720.0
2561	9289323.0
2562	2714047.0
2563	947145.5
2564	178870.1
2566	1410807.0
2567	1367901.0
2568	906437.1
2570	454530.3
2571	98430.27
2576	143834.9
2578	95974.45
2580	68342.48
2582	87280.52
2584	165937.7
2585	72859.01
2586	144328.0
2587	513081.8
2588	107213.9
2589	415426.8
2590	243718.5
2591	131313.0
2592	593662.5
2593	614507.6
2594	421191.0
2595	232569.1
2596	324151.2
2597	376764.9
2598	169026.3
2603	120272.8
2604	593969.8
2605	123000.9
2606	500855.3
2607	88877.63
2611	120525.1
2613	2522331.0
2614	118650.3
2617	2161792.0
2619	1115742.0
2621	302044.9
2627	242916.5
2629	341618.9
2630	410767.2
2632	171839.8
2633	353724.3
2634	191684.3
2635	84687.9
2636	98567.28
2637	2687201.0
2638	664932.3
2639	433144.9
2641	752556.1
2645	159826.1
2647	3526315.0
2649	6376836.0
2650	5404480.0
2651	120545.0
2652	2646364.0
2653	188833.6
2654	1365172.0
2655	886443.3
2657	362580.2
2659	151673.4
2661	384166.1
2662	94886.73
2664	134028.0
2666	78376.92
2672	117059.4
2676	166809.9
2677	123615.2
2678	2817646.0
2679	138251.2
2680	1657665.0
2681	592125.5
2682	172230.9
2684	119325.9
2686	103192.9
2689	77984.57
2695	82316.32
2698	82406.34
2699	106752.3
2700	3570440.0
2701	84197.14
2702	1058091.0
2703	450567.0
2704	696465.6
2705	882599.2
2706	412117.6
2707	429360.2
2708	155255.8
2709	314155.6
2711	151175.8
2713	264036.6
2715	177881.8
2716	132185.5
2720	66767.52
2721	185097.9
2723	207211.2
2725	68775.88
2727	361020.8
2728	81347.84
2730	248935.4
2731	82463.45
2738	159610.6
2739	163954.4
2740	97587.86
2742	476527.0
2744	285180.6
2746	82445.61
2753	82705.02
2754	81528.03
2755	955253.5
2756	799052.4
2757	515071.2
2758	243834.4
2761	1201510.0
2763	1686238.0
2765	775176.4
2766	346467.0
2768	157851.0
2775	101737.3
2779	352202.4
2780	269925.9
2781	147012.1
2782	220575.4
2784	211987.8
2786	290229.9
2788	262167.9
2792	147486.9
2795	186220.7
2796	122399.5
2799	122298.3
2800	161298.5
2801	118340.8
2804	253774.5
2806	803740.4
2808	2336239.0
2809	577566.4
2811	261232.5
2812	1578911.0
2814	115075.4
2815	266463.5
2816	785644.4
2818	148583.3
2819	265421.5
2825	1392492.0
2828	180272.1
2830	317612.6
2835	559992.2
2836	99337.3
2838	104330.1
2840	151125.2
2842	658175.5
2844	1122124.0
2845	719087.3
2846	433199.0
2848	159506.0
2850	806405.0
2852	781624.2
2855	183667.5
2857	522211.8
2858	165414.3
2860	555576.8
2863	353271.3
2867	444496.0
2869	208011.1
2873	155769.8
2876	117193.3
2879	152194.4
2881	406591.5
2882	129157.0
2884	564205.4
2886	316217.0
2894	72250.73
2896	70128.57
2898	310321.7
2899	97223.69
2900	313026.0
2901	383840.0
2902	117032.7
2906	97375.77
2914	456601.4
2915	1347051.0
2916	1444055.0
2917	1111526.0
2918	841883.4
2919	276066.3
2920	142682.9
2922	249091.7
2926	110197.9
2935	111710.2
2936	162142.7
2937	133941.3
2938	95448.87
2941	142767.1
2945	170522.4
2951	77350.11
2953	316729.6
2954	152566.9
2955	279027.9
2956	142624.6
2957	257187.3
2958	235591.2
2960	116776.7
2964	338151.6
2967	449423.6
2970	211941.1
2977	341955.3
2978	330114.2
2980	452817.7
2981	153871.6
2982	225508.1
2985	257569.2
2989	259849.7
2991	193193.2
2994	1361611.0
2997	1277604.0
3000	344667.2
3002	3745170.0
3005	6203552.0
3007	4866148.0
3008	3273802.0
3010	2071482.0
3012	517028.7
3013	790285.6
3015	853206.6
3017	927285.4
3018	271729.9
3019	232106.8
3024	84169.09
3030	107439.5
3031	214657.9
3035	172339.5
3037	19147920.0
3038	488649.9
3039	14279190.0
3040	231056.7
3041	6008676.0
3043	1619933.0
3045	536118.8
3047	147395.5
3048	252159.5
3050	139647.9
3051	193988.2
3054	286334.1
3055	480977.4
3056	592754.1
3058	544991.1
3059	551571.1
3062	214335.3
3063	108954.2
3070	634222.1
3072	764368.5
3075	706080.9
3077	432046.2
3082	302656.3
3083	99509.32
3085	379162.6
3087	190189.6
3090	81269.25
3091	262717.5
3100	157305.2
3101	107430.7
3102	385166.2
3103	258973.2
3104	212791.0
3105	196522.4
3107	176101.9
3109	204862.5
3111	159375.6
3116	140204.7
3120	215764.1
3121	158035.4
3122	171957.4
3123	464835.5
3124	32486620.0
3125	47664400.0
3126	33670060.0
3127	17478000.0
3128	733462.1
3129	7651189.0
3130	572395.4
3131	2727357.0
3132	173666.1
3133	811275.7
3134	261614.3
3138	149242.4
3145	214578.0
3147	354677.4
3148	287323.2
3149	223007.5
3150	212133.6
3158	158461.8
3161	242132.0
3162	14665090.0
3163	29587950.0
3164	34169880.0
3165	26133340.0
3166	16330020.0
3167	8573144.0
3168	4134781.0
3169	1400637.0
3170	1125672.0
3172	255870.3
3174	341892.9
3179	273354.3
3184	227306.5
3186	289338.6
3188	452266.1
3191	137601.4
3193	263968.6
3194	137499.5
3197	107412.5
3205	279739.9
3207	316220.2
3208	386070.7
3211	112041.1
3212	458767.0
3214	95652.84
3215	213111.9
3216	220984.7
3220	296158.1
3221	478510.3
3222	466765.0
3224	293012.3
3225	468864.5
3226	226679.9
3228	289892.9
3232	113551.6
3235	190543.0
3238	184304.8
3239	110961.6
3244	199795.8
3246	103081.2
3248	199762.3
3250	274712.7
3251	160409.7
3252	292255.1
3253	516609.9
3254	298168.6
3255	639015.4
3258	1463184.0
3259	75703.73
3260	1656433.0
3262	140441.0
3264	1249847.0
3266	309721.0
3268	568980.2
3269	145706.3
3272	138443.1
3275	303470.2
3276	161881.3
3277	133627.9
3292	130501.8
3298	544357.9
3299	263803.8
3301	941886.7
3303	450207.9
3304	312908.3
3306	316787.6
3308	175597.1
3317	450213.5
3318	143007.5
3319	467241.9
3320	193921.5
3321	136843.5
3322	532424.0
3324	325137.1
3325	192385.1
3326	215928.3
3329	424384.3
3331	1056341.0
3332	218785.1
3334	1286922.0
3335	134151.4
3337	1031637.0
3339	773680.1
3342	337841.9
3344	111169.4
3362	277096.3
3363	155785.4
3364	222438.6
3365	556344.3
3366	365944.1
3367	388318.1
3370	312320.0
3372	324098.0
3374	239019.3
3375	109816.1
3386	1216292.0
3387	195268.8
3388	598414.4
3389	154653.3
3393	180440.9
3394	349428.2
3395	251589.1
3397	119452.0
3399	105811.8
3406	255396.8
3407	154577.6
3408	211004.3
3409	147811.6
3410	177991.5
3411	850339.1
3412	2897579.0
3413	4545958.0
3414	5299798.0
3415	3649949.0
3416	4029236.0
3417	2508536.0
3418	1165343.0
3419	523583.5
3420	295547.6
3421	445981.5
3422	418941.6
3424	328152.7
3427	260626.0
3442	143271.1
3449	243597.8
3450	113070.4
3451	158562.9
3452	221276.8
3453	233933.9
3455	332359.5
3457	159255.7
3461	196645.4
3462	451162.3
3463	711477.8
3464	593817.6
3465	563229.9
3466	227037.2
3467	204188.8
3468	213969.5
3469	282774.9
3470	267925.1
3471	200024.7
3472	284679.5
3473	184788.8
3474	894416.4
3475	1271149.0
3476	327534.4
3477	724999.9
3479	212736.6
3480	208354.1
3487	246124.3
3488	549411.6
3493	488802.8
3495	534453.8
3496	562401.4
3498	253588.3
3499	317367.0
3500	348707.6
3501	153801.5
3503	370997.3
3504	188212.7
3507	276180.3
3508	874405.0
3509	1262835.0
3510	1346857.0
3511	743842.2
3512	450747.7
3520	204129.1
3529	1246826.0
3530	967407.1
3531	491144.3
3535	443695.3
3536	525937.9
3538	482642.3
3539	379271.4
3540	250099.3
3544	554391.4
3548	231693.0
3551	202475.0
3558	206880.9
3559	248750.9
3560	449256.1
3561	219422.3
3563	192402.8
3565	557080.6
3566	863742.9
3567	791663.8
3568	1197108.0
3569	886374.3
3570	332604.4
3571	429207.4
3573	162900.0
3574	254217.3
3575	328405.5
3577	525549.1
3578	196731.5
3579	338489.0
3596	191466.6
3597	124203.1
3598	360056.6
3599	582195.1
3600	508448.6
3601	560554.8
3602	378295.8
3603	161313.0
3604	4000605.0
3605	6890598.0
3606	6634837.0
3607	4238594.0
3608	2227109.0
3609	863671.7
3610	242681.9
3612	6673240.0
3614	14344920.0
3616	16910670.0
3618	15095700.0
3619	10200320.0
3621	4783603.0
3623	2630557.0
3625	991769.5
3627	247472.2
3641	188481.8
3642	140870.4
3643	431029.6
3644	227401.6
3645	393693.7
3646	309924.5
3647	150710.4
3648	188198.3
3652	181147.3
3653	431421.6
3654	253075.3
3655	383320.3
3657	343471.9
3659	140393.3
3664	258963.4
3665	220699.5
3668	232025.1
3671	224508.0
3672	306048.0
3673	154696.6
3674	120663.1
3675	248914.6
3676	213146.3
3677	208476.3
3678	567542.8
3679	653515.3
3680	230593.5
3681	1961027.0
3683	7716920.0
3684	13571980.0
3685	13291960.0
3686	13258200.0
3687	10947010.0
3688	7111383.0
3689	4162309.0
3691	2290711.0
3692	1294022.0
3693	741014.9
3694	152603.3
3699	173392.0
3704	169514.1
3710	452592.4
3711	229714.7
3712	246890.8
3713	253090.8
3714	511239.3
3715	190058.2
3717	314512.3
3718	312433.9
3720	221275.8
3722	466550.1
3723	302992.2
3726	250075.4
3728	159643.7
3729	306171.9
3730	253555.8
3734	156973.0
3735	352129.8
3736	225316.0
3737	325930.2
3738	595595.9
3739	222729.7
3740	202977.8
3741	450580.7
3744	144779.1
3749	255990.3
3752	232469.8
3753	264320.0
3754	282720.6
3755	234227.4
3756	304293.8
3757	219626.9
3763	218805.1
3764	175009.3
3765	138968.7
3766	236889.4
3767	217391.9
3768	350044.8
3769	702993.8
3770	365543.9
3771	302109.3
3773	4088084.0
3776	4909236.0
3779	3809733.0
3782	1807569.0
3785	869476.8
3787	227426.8
3799	534175.1
3800	479412.9
3801	624903.6
3802	709408.1
3803	408930.4
3804	312450.2
3805	294266.5
3806	21743980.0
3807	20673560.0
3808	11039450.0
3809	4486837.0
3810	1292899.0
3811	511026.0
3818	223230.6
3819	257533.5
3820	311067.8
3821	193121.8
3823	343731.4
3826	325280.7
3827	142003.0
3828	181673.3
3834	326736.2
3835	307837.0
3841	366505.2
3842	240145.7
3843	467429.3
3844	462799.5
3857	225510.3
3858	673237.6
3859	795220.9
3860	693762.6
3861	450719.1
3862	178350.4
3863	236536.8
3864	339077.8
3865	417958.6
3873	232475.0
3877	267045.3
3878	162214.4
3879	409712.2
3880	187861.7
3881	279259.7
3882	274353.7
3883	275889.8
3884	355229.1
3885	273122.7
3890	368585.7
3891	219237.8
3892	161877.2
3893	613294.4
3894	141251.7
3895	423004.9
3896	174279.3
3910	220703.4
3912	1543578.0
3913	5761497.0
3914	9111407.0
3915	10773190.0
3916	10414350.0
3917	8242628.0
3918	4774710.0
3919	2917902.0
3920	1789776.0
3921	749590.8
3922	460522.0
3926	151572.3
3934	152629.3
3941	1406262.0
3944	1509783.0
3948	838488.4
3957	221869.8
3959	323413.1
3960	221570.3
3961	207516.3
3962	555890.2
3963	659258.8
3964	390890.5
3965	252859.9
3978	123168.3
3979	220144.6
3980	216701.7
3981	1520437.0
3982	3186543.0
3983	3663912.0
3984	2720647.0
3985	1820040.0
3986	971580.8
3987	323245.3
4003	257523.9
4004	259606.3
4005	338655.8
4006	425997.2
4019	310746.6
4020	110176.9
4024	134622.5
4025	41825.64
4026	160861.9
4027	140720.0
4028	72267.38
4029	186551.1
4030	307607.2
4031	107583.8
4032	290917.4
4033	317383.2
4034	98447.91
4035	80369.46
4036	303242.4
4037	57834.5
4038	125965.1
4041	55983.31
4042	39152.86
4043	1598211.0
4044	1221028.0
4045	519656.8
4046	167051.8
4052	453828.0
4053	286966.3
4054	176816.8
4059	61201.0
4060	47368.99
4061	121019.3
4062	42746.61
4063	180834.0
4064	588770.0
4065	379866.3
4066	138724.1
4067	34068.65
4068	120018.5
4075	50799.2
4076	734869.4
4077	726859.4
4078	83857.41
4079	420444.6
4080	146961.2
4081	34592.11
4088	4784578.0
4090	2500474.0
4091	724005.7
4092	158551.3
4097	305251.6
4098	349457.9
4099	563726.8
4100	270049.6
4101	286609.6
4102	119940.0
4103	89280.72
4104	43189.8
4109	1324666.0
4110	586094.2
4111	102887.4
4112	485043.5
4113	189224.7
4114	56308.95
4115	446460.3
4117	161591.2
4118	108328.0
4120	46953.1
4127	424710.6
4129	429024.1
4130	645968.8
4131	278563.3
4132	91294.43
4136	156068.3
4139	93182.1
4142	35808.58
4143	38200.53
4146	46705.72
4149	252071.3
4150	89641.05
4151	89656.01
4152	90166.86
4156	154569.3
4158	71070.3
4161	44915.3
4163	77980.13
4164	780092.4
4165	62080.83
4166	544714.3
4167	176304.2
4168	52590.27
4169	54262.18
4171	7024264.0
4172	6865960.0
4174	3633357.0
4176	1143790.0
4177	493887.8
4179	343412.1
4180	119228.6
4181	539781.0
4183	390819.9
4185	256328.8
4186	198997.3
4187	265020.6
4189	324280.0
4190	205155.3
4192	110868.5
4193	162177.3
4195	103933.4
4197	55079.1
4212	91259.29
4213	97442.26
4214	45396.56
4215	97431.96
4216	406947.3
4217	1133408.0
4219	482328.3
4220	888097.9
4221	76561.49
4222	283400.8
4224	69892.67
4226	203078.1
4239	55971.89
4240	59572.79
4241	97497.64
4242	2595612.0
4243	2806456.0
4244	1682153.0
4245	65773.63
4246	523564.0
4247	242579.5
4248	39504.34
4250	127446.5
4251	52506.51
4255	95489.0
4257	97503.16
4260	69314.96
4262	1493925.0
4264	64328.09
4265	2392899.0
4267	2439888.0
4269	2000141.0
4272	3424113.0
4273	457912.6
4274	1429124.0
4276	154122.0
4277	491471.0
4279	189050.9
4281	105420.5
4283	61548.84
4287	70313.5
4288	209587.2
4293	205473.5
4295	98121.05
4297	48457.22
4298	244997.6
4302	228349.4
4303	83257.88
4310	62471.73
4311	89054.23
4312	277020.9
4313	515813.1
4314	190471.6
4315	64581.84
4319	54210.16
4321	327393.8
4323	233553.2
4325	122996.7
4328	93151.92
4332	263181.3
4333	104485.5
4334	52140.73
4335	105157.8
4336	49579.91
4337	101102.8
4338	113886.0
4344	1565488.0
4345	1285210.0
4346	529190.6
4347	700292.4
4348	79018.9
4349	641921.5
4351	393002.3
4354	126750.2
4363	198649.7
4364	221169.2
4365	356182.1
4366	99787.23
4367	71574.67
4368	51098.5
4369	50449.0
4370	63787.28
4371	93209.84
4374	396706.1
4375	390130.0
4376	66745.5
4377	218529.9
4378	117082.4
4380	148047.3
4384	70167.72
4389	87548.02
4390	97710.13
4391	91536.26
4392	202390.5
4393	177626.5
4394	251290.2
4395	102630.8
4396	82317.79
4402	164337.7
4403	140423.8
4404	200873.1
4405	96677.57
4406	100364.6
4407	530187.6
4408	41482.2
4411	282755.3
4414	187013.8
4419	79879.41
4422	48673.95
4423	513858.7
4424	273816.4
4425	51689.27
4426	333317.0
4428	72097.27
4434	69043.8
4436	144539.6
4437	68612.38
4438	69508.01
4439	270216.8
4440	576270.0
4441	346199.5
4442	270124.3
4443	78019.23
4444	182662.8
4445	184032.3
4446	88994.45
4447	73793.64
4448	82251.2
4450	296447.1
4452	153988.6
4453	985175.2
4454	1716784.0
4456	213911.4
4457	1305471.0
4459	632476.7
4461	349291.3
4465	96615.16
4467	1674591.0
4469	3272589.0
4471	3665902.0
4472	2464400.0
4473	1624244.0
4475	860464.1
4476	435215.6
4477	129181.7
4479	121686.8
4481	264717.1
4482	179496.5
4483	130339.9
4484	164628.2
4487	290124.5
4488	211317.3
4489	86855.74
4491	58519.5
4492	127347.4
4493	25545850.0
4494	34712610.0
4495	25528530.0
4496	12838850.0
4497	5184020.0
4498	1766670.0
4499	553881.3
4500	105970.2
4502	739487.1
4503	563833.8
4504	517446.1
4506	225631.0
4507	103983.9
4515	141308.9
4517	116413.8
4518	166776.3
4519	131489.7
4520	133839.5
4521	129522.4
4522	223154.0
4523	261146.3
4524	262485.2
4525	225932.5
4526	135088.8
4527	115723.7
4528	73471.04
4533	98350.95
4534	118036.3
4535	318560.0
4536	295733.3
4537	113245.3
4541	249247.3
4542	114497.3
4544	870311.8
4545	85629.12
4546	86237.31
4549	901513.4
4551	439639.0
4553	162759.3
4556	80721.84
4558	69250.73
4560	74607.21
4562	332260.5
4565	392653.5
4566	185634.5
4567	247499.8
4569	357857.4
4570	115922.1
4571	266824.6
4572	87800.3
4573	70976.5
4575	67629.2
4580	74169.79
4581	2070491.0
4582	553307.6
4583	292864.6
4585	588759.7
4589	99235.95
4591	4803371.0
4593	8072818.0
4594	5594178.0
4595	205657.4
4596	2936197.0
4597	229532.4
4598	1662509.0
4599	618906.8
4601	275677.5
4603	100687.5
4605	401753.6
4606	112197.3
4607	126792.6
4615	103849.5
4620	63150.95
4621	92243.98
4622	109822.3
4623	153971.3
4624	107825.6
4625	2531505.0
4626	97476.7
4627	1225258.0
4628	686057.5
4629	155930.7
4631	88770.3
4632	59423.97
4635	80685.26
4636	190830.9
4638	168463.6
4641	130760.2
4642	3056417.0
4643	822169.8
4644	490624.9
4645	996258.5
4646	1054775.0
4647	861628.1
4648	795190.8
4649	210107.5
4650	140511.3
4651	94025.02
4653	80058.21
4654	146877.7
4657	116104.0
4659	161762.7
4661	127414.0
4662	97862.48
4667	298227.4
4672	158273.3
4673	110501.9
4674	91732.76
4675	84246.11
4678	84687.89
4679	101164.8
4681	64760.88
4684	76680.24
4685	218897.5
4686	121420.3
4687	118357.7
4688	271768.9
4689	126257.4
4695	208473.7
4696	195365.7
4697	116627.8
4698	107986.4
4699	99585.82
4707	141430.8
4708	390380.7
4709	183475.7
4710	1345339.0
4711	1067105.0
4712	385798.2
4713	161305.5
4718	134571.8
4719	128095.5
4720	108160.5
4721	185544.5
4722	72093.66
4723	392904.1
4726	281655.4
4728	254712.9
4730	103293.4
4735	4105689.0
4737	4254958.0
4739	1950264.0
4741	830375.6
4743	199822.2
4745	93725.12
4750	128338.4
4751	157490.7
4752	123325.5
4753	116384.0
4754	182884.8
4760	121495.2
4761	153715.1
4762	257634.7
4764	121576.6
4768	120706.0
4771	176999.1
4772	255507.6
4775	155129.7
4777	129301.4
4779	3071258.0
4780	5658423.0
4781	6725777.0
4782	4218119.0
4783	3395009.0
4784	1887165.0
4785	1046428.0
4787	218101.6
4791	970464.2
4795	212536.5
4798	448760.8
4800	133825.6
4802	473045.7
4804	589861.5
4805	333624.5
4806	231385.8
4810	429843.2
4812	362723.3
4815	239016.0
4817	202391.9
4818	158415.2
4820	163567.1
4823	158601.1
4826	120347.2
4831	172312.2
4833	93660.04
4835	74415.95
4838	471507.8
4839	99697.01
4840	83905.04
4841	176399.6
4842	373975.3
4844	154128.5
4846	244666.7
4850	93075.04
4851	159187.7
4853	135577.0
4854	128797.1
4858	85913.88
4860	157670.9
4861	71216.32
4862	296480.3
4864	332198.1
4866	155919.9
4869	117107.7
4871	131559.9
4872	164402.7
4873	158427.8
4875	163173.9
4877	424826.0
4878	167904.1
4879	687748.4
4881	514007.0
4882	165299.2
4883	441852.6
4884	462928.8
4887	213030.4
4889	147232.4
4891	134387.4
4896	126060.7
4910	123230.6
4911	263614.6
4913	170798.3
4914	90626.1
4917	80921.73
4922	96068.3
4929	404020.8
4930	389915.4
4931	405058.2
4932	374126.9
4933	187712.9
4934	201298.5
4935	81910.84
4939	329668.1
4941	297979.9
4944	137731.4
4948	93706.99
4952	269478.8
4953	350248.8
4955	249289.3
4956	350872.6
4958	277694.4
4960	175449.3
4961	171728.2
4965	260899.4
4967	90612.95
4970	764124.1
4973	675206.1
4976	72370.42
4978	2309237.0
4981	3125207.0
4984	3066610.0
4985	1974125.0
4988	914383.9
4990	248015.9
4991	341077.3
4993	180568.3
4994	593684.4
4996	484815.9
4997	242841.6
4998	172024.7
5007	96786.18
5009	85936.11
5010	98787.25
5012	19808950.0
5013	316712.1
5014	14799090.0
5015	225966.0
5016	5964421.0
5018	1388233.0
5020	475289.9
5022	131999.6
5025	404688.3
5027	722983.9
5028	694120.8
5029	693384.6
5030	443772.2
5031	305933.7
5033	194359.0
5039	408027.8
5041	810899.9
5044	625321.1
5046	259870.6
5048	204474.8
5049	121813.9
5053	145080.5
5055	223407.0
5057	67402.16
5059	78642.12
5061	299122.2
5062	512334.3
5063	303373.8
5064	73079.54
5065	141995.8
5067	210227.7
5069	158557.1
5070	161230.2
5076	203238.6
5079	134676.3
5080	169994.1
5082	146092.2
5094	455032.3
5095	17410190.0
5096	24551570.0
5097	506901.9
5098	16668280.0
5099	8375909.0
5100	337065.4
5101	4365053.0
5102	473325.2
5103	1291726.0
5104	273239.5
5105	156064.7
5109	132388.8
5115	112287.2
5118	208185.7
5120	574978.8
5121	394445.7
5122	339847.3
5123	258590.9
5133	364023.9
5134	17658180.0
5135	39771430.0
5136	45220270.0
5137	34596720.0
5139	18898010.0
5140	9913367.0
5142	4733611.0
5143	1824601.0
5145	824752.9
5149	239990.7
5155	146119.0
5160	98057.25
5161	179188.2
5163	184065.3
5164	332687.6
5165	364932.3
5166	227017.8
5168	138634.5
5170	140238.5
5171	167550.2
5181	154158.6
5183	193433.0
5184	160205.2
5188	198319.3
5190	182179.5
5191	595964.9
5192	164002.2
5193	383053.9
5194	258914.8
5195	472603.4
5196	124544.2
5197	483728.6
5198	602906.3
5199	423726.0
5201	365162.4
5202	245467.8
5203	250431.3
5205	194780.7
5207	160190.5
5213	204833.9
5216	213767.7
5218	244124.1
5223	86111.21
5227	295882.0
5231	266006.5
5232	95927.0
5233	281497.7
5234	265319.2
5235	377270.6
5237	328439.9
5238	262732.0
5239	169605.8
5240	147411.7
5241	186457.7
5247	1371507.0
5250	2814400.0
5252	106571.5
5253	2541692.0
5254	203498.9
5257	2234695.0
5260	254959.4
5262	1094308.0
5266	285439.6
5267	441545.3
5269	205680.7
5270	194379.3
5274	247945.4
5283	99149.88
5291	484909.3
5292	206301.8
5294	390186.0
5296	134789.3
5297	149123.9
5302	320930.0
5311	165856.0
5312	345026.0
5313	444732.4
5314	284383.9
5315	397663.9
5317	186190.2
5318	188767.0
5320	218491.0
5323	166981.5
5325	929914.1
5328	1526922.0
5331	1394774.0
5334	747199.0
5337	270522.5
5339	148971.7
5355	217858.5
5356	267080.4
5357	541355.8
5358	365200.4
5359	247303.6
5360	490468.4
5363	125907.9
5364	627467.1
5367	135634.0
5369	377881.7
5375	114550.8
5388	677641.6
5390	418090.7
5391	118825.0
5392	155433.4
5393	186572.8
5394	131551.6
5395	131161.4
5396	178947.7
5402	316377.8
5403	480009.1
5404	316943.7
5405	330837.0
5409	285837.7
5418	121559.1
5419	189426.7
5420	146113.5
5421	1221093.0
5422	2903113.0
5423	5249159.0
5424	6474699.0
5425	5538644.0
5426	4525445.0
5427	2768677.0
5428	2757821.0
5430	699190.9
5431	3034782.0
5433	3571253.0
5435	2938293.0
5438	1723584.0
5440	1080386.0
5443	380490.3
5445	161446.2
5452	110209.8
5453	104675.3
5454	114706.1
5455	131515.3
5456	167286.9
5457	227384.6
5459	306273.6
5460	230472.4
5465	342013.5
5466	500741.9
5467	237628.8
5468	251034.3
5469	189522.1
5470	306388.2
5471	179805.3
5472	289483.1
5473	219445.1
5474	270920.0
5475	376584.4
5481	344025.9
5482	574200.3
5483	369737.1
5484	152011.8
5485	206461.7
5486	174566.9
5487	355085.8
5488	236752.9
5489	528352.3
5490	340540.6
5492	161058.1
5493	155122.4
5496	420244.6
5497	575659.1
5498	736910.1
5499	582516.4
5500	529096.4
5501	469986.8
5503	193354.8
5510	218853.8
5519	137498.3
5520	572554.4
5521	370467.2
5522	228121.8
5526	234498.1
5527	511819.1
5529	409225.8
5530	383402.4
5531	203130.7
5535	934853.0
5539	610666.6
5542	460288.7
5545	293486.7
5549	477006.1
5550	771715.3
5551	614781.4
5552	672400.6
5554	558855.8
5555	448172.7
5556	393163.2
5559	290462.5
5560	606007.1
5561	733521.3
5562	900394.8
5563	792816.6
5564	476691.5
5565	531427.4
5566	179047.2
5567	209373.2
5568	165275.1
5569	292283.1
5570	345454.9
5571	179550.7
5572	266061.3
5573	564899.6
5574	388046.8
5575	331934.5
5576	349695.5
5577	136955.4
5578	248075.0
5579	166487.8
5580	160759.6
5581	2052751.0
5582	4267374.0
5583	3990929.0
5584	2751210.0
5585	1151463.0
5586	566861.1
5589	9507904.0
5591	19366680.0
5593	22323430.0
5595	17353770.0
5596	12357100.0
5598	5872902.0
5600	2873926.0
5602	999409.9
5604	481009.9
5620	137956.5
5621	237474.0
5622	298275.3
5623	128121.4
5624	221154.8
5625	457798.9
5626	368837.5
5627	306836.5
5628	314852.6
5629	360242.6
5630	288028.6
5637	326839.8
5638	258976.6
5639	157836.3
5643	563941.6
5645	357490.5
5646	176477.6
5649	147869.2
5653	257490.8
5654	181622.5
5655	198635.4
5657	280686.0
5658	190721.1
5659	159181.8
5660	340692.8
5661	248271.9
5662	254324.7
5663	409961.5
5664	371501.4
5665	312822.6
5666	270525.6
5667	251667.2
5670	2600978.0
5672	8902646.0
5673	16524750.0
5675	17633750.0
5676	16239860.0
5677	13449870.0
5679	10345520.0
5680	5610089.0
5682	3074600.0
5683	1348065.0
5684	568497.5
5688	119540.3
5692	114652.0
5694	158658.1
5695	201876.0
5696	243307.1
5697	141470.4
5709	182889.9
5710	289054.1
5711	189163.1
5712	107248.6
5713	187692.5
5714	305047.1
5715	328779.9
5716	226975.2
5717	403743.2
5718	307520.9
5719	431833.0
5720	148796.9
5721	116943.5
5723	147034.7
5727	215953.6
5728	131525.1
5734	481184.2
5735	335783.8
5736	577938.4
5737	343747.5
5738	534017.2
5739	544890.6
5740	280003.4
5742	243929.2
5746	228380.1
5748	148036.3
5749	227894.6
5750	350677.4
5751	220272.2
5752	248510.3
5753	476623.4
5754	413206.0
5755	314649.3
5766	145944.2
5767	268733.2
5768	128048.3
5769	150699.5
5770	292839.2
5771	183897.9
5772	296603.3
5773	284798.2
5774	271158.3
5776	1712199.0
5779	2527736.0
5781	1785979.0
5783	774536.4
5786	337285.5
5797	369841.2
5798	314835.2
5799	637052.3
5800	569146.5
5801	483785.6
5802	242679.9
5803	12149940.0
5804	11281880.0
5805	6419233.0
5806	2567652.0
5807	773813.9
5808	285816.9
5811	167868.8
5816	174622.2
5817	197860.7
5818	151441.4
5819	193298.9
5820	177245.1
5821	226967.2
5822	382695.0
5823	206909.3
5830	203420.1
5831	204962.6
5833	236943.8
5834	165583.0
5840	118071.8
5841	320804.9
5842	314448.6
5843	184656.1
5844	206178.5
5847	297365.7
5849	328900.6
5850	277946.7
5861	283744.2
5863	371474.3
5864	367365.2
5865	211774.3
5866	294253.8
5868	123230.2
5883	263647.0
5884	423016.0
5885	676280.9
5886	653776.8
5887	407531.2
5888	260809.7
5889	277538.2
5890	298161.6
5891	316682.6
5901	249806.9
5902	211520.1
5903	233976.9
5904	323579.3
5905	197109.9
5906	304673.9
5907	172114.8
5908	219022.2
5909	200777.3
5910	273804.1
5911	123070.3
5912	400784.8
5913	210560.8
5926	141112.3
5927	2179143.0
5928	6689269.0
5929	11090770.0
5930	13158080.0
5931	12013240.0
5932	9674748.0
5933	6248522.0
5934	3593047.0
5935	2358983.0
5936	994773.8
5937	392852.6
5938	189004.3
5948	199490.6
5955	1053724.0
5959	1251945.0
5963	568137.9
5973	176875.5
5975	147615.3
5976	551188.9
5977	358561.1
5978	540463.8
5979	405154.8
5980	366312.9
5981	249449.5
5995	220613.3
5996	119975.5
5997	205982.8
5998	1679602.0
5999	4107123.0
6000	4345560.0
6001	3432907.0
6002	2652366.0
6003	1236005.0
6004	560115.7
6005	256785.2
6019	200715.1
6023	213004.5
6024	398129.7
6025	352203.5
6026	626022.4
6039	162281.2
6040	64521.86
6044	115998.7
6045	45197.8
6046	36031.03
6047	265486.7
6048	401778.3
6049	240881.0
6050	185607.9
6051	67195.04
6052	54710.18
6053	224799.1
6054	54003.07
6055	45178.56
6056	41223.75
6057	44817.96
6058	153950.1
6059	115378.9
6060	65047.06
6064	48018.68
6065	79986.63
6066	3992367.0
6067	3048889.0
6068	1031396.0
6069	309345.5
6075	57348.54
6076	410163.8
6077	268216.9
6078	136651.0
6080	37882.28
6084	54389.48
6085	71384.44
6086	63494.5
6090	498763.6
6091	500677.5
6092	297610.3
6099	49976.82
6100	348775.5
6101	475914.3
6102	226094.0
6103	106192.4
6110	113484.4
6111	79060.09
6112	726606.8
6113	703414.3
6115	371613.8
6116	54897.01
6118	68105.11
6126	6623483.0
6128	3139721.0
6129	876396.8
6130	187062.8
6135	186015.7
6136	219443.1
6137	187837.2
6138	88731.79
6139	38695.33
6140	291803.9
6141	134697.9
6142	64497.0
6143	253774.9
6144	109438.9
6145	62593.67
6146	203349.3
6153	77058.88
6159	414041.7
6160	630984.2
6161	558647.7
6162	350379.3
6163	98811.73
6166	129681.5
6169	35837.16
6172	126512.0
6173	42085.93
6178	153361.1
6179	55112.95
6180	143484.0
6184	134189.2
6186	43750.93
6187	182103.7
6188	150143.2
6189	169609.2
6194	1447834.0
6195	46946.41
6196	237435.6
6197	60433.7
6198	43002.55
6199	13863100.0
6200	13171710.0
6201	7108708.0
6202	2565722.0
6203	493973.8
6204	762225.2
6205	219817.5
6206	925201.6
6207	70192.05
6208	796408.4
6210	141005.3
6211	317116.4
6212	501694.8
6213	127742.0
6214	463441.3
6215	47347.35
6217	120631.0
6218	127037.2
6220	63600.0
6232	34308.34
6233	64269.03
6234	75566.2
6235	997127.1
6236	2317398.0
6237	2772921.0
6238	2289425.0
6239	1600999.0
6240	747700.1
6241	512569.2
6242	216589.8
6243	86422.0
6256	104009.1
6258	209886.5
6259	265955.5
6260	55089.04
6261	41203.18
6262	41523.41
6263	2334141.0
6264	2348232.0
6265	1091739.0
6266	576919.6
6267	101951.7
6269	72012.95
6270	143414.7
6272	303582.6
6273	65189.76
6275	160887.8
6277	144304.2
6279	151758.8
6282	77651.89
6283	111227.8
6285	1357922.0
6288	2172596.0
6290	770377.9
6291	1706550.0
6294	1492636.0
6296	438125.7
6298	608580.2
6300	239475.9
6301	230168.0
6306	58739.53
6311	77787.64
6312	163301.4
6317	197602.0
6319	85094.43
6320	41792.16
6321	164162.2
6324	127451.3
6330	105639.9
6331	232382.2
6332	281267.3
6333	170167.5
6334	75345.99
6339	271203.4
6341	217352.8
6343	123609.2
6346	94076.07
6350	99143.73
6351	74277.27
6352	68477.13
6353	165257.6
6354	102551.9
6355	71010.41
6356	57784.78
6357	287573.5
6358	151933.5
6364	282464.7
6365	198502.4
6367	1173160.0
6368	75002.21
6370	882528.1
6372	244926.6
6374	125202.5
6375	74324.45
6381	220202.1
6383	251202.9
6384	216638.0
6386	198774.9
6387	114762.3
6388	65010.5
6389	101057.6
6392	655434.5
6393	617457.2
6394	317122.9
6395	99883.0
6397	186280.4
6399	127790.0
6402	60413.78
6407	66539.41
6408	482081.8
6409	112649.6
6410	761391.2
6412	543357.4
6413	97316.16
6414	220921.0
6415	132414.9
6423	66637.34
6424	113506.7
6427	151347.0
6430	108297.1
6436	59086.27
6437	124577.5
6438	946491.6
6439	61264.84
6440	962565.1
6441	436824.1
6442	174193.4
6443	185929.8
6446	91511.36
6448	239911.5
6450	202697.8
6452	261940.3
6454	52535.02
6455	83450.75
6458	54612.65
6459	290301.8
6460	295442.6
6461	212334.2
6462	109800.7
6463	80181.93
6464	54860.47
6465	71954.37
6466	67582.09
6467	150008.3
6468	773413.1
6469	164909.9
6470	443017.4
6471	631134.4
6472	64290.82
6473	1423773.0
6474	320217.2
6475	1335355.0
6476	408496.4
6478	349125.9
6481	65752.39
6482	155299.2
6484	8170118.0
6485	14912600.0
6487	16608600.0
6488	11699450.0
6489	7405515.0
6490	3884292.0
6491	1658965.0
6492	675571.4
6493	296679.5
6494	107463.2
6495	190434.2
6496	386643.7
6497	344740.5
6498	131132.8
6499	261934.2
6501	114617.1
6503	122146.8
6504	10174450.0
6505	13619750.0
6506	9817846.0
6507	135867.0
6508	5657512.0
6509	2289597.0
6510	729758.5
6511	369295.2
6514	180122.3
6516	374842.2
6518	210339.7
6519	72901.97
6520	133189.4
6529	96013.3
6530	85453.88
6531	209019.0
6532	150514.9
6533	93812.39
6534	129892.6
6535	146145.3
6536	110848.4
6537	78641.59
6538	198392.9
6541	77067.05
6543	246041.7
6544	90960.5
6545	69720.41
6547	269392.0
6549	192071.0
6551	308410.8
6552	147382.5
6554	154446.5
6557	276822.1
6558	76405.51
6561	76169.05
6566	348546.8
6568	87031.39
6569	237074.0
6571	133186.7
6572	123100.2
6574	101467.3
6575	140338.3
6576	80215.66
6578	307737.2
6579	433080.9
6580	565660.6
6582	217004.6
6583	613591.0
6585	262543.8
6588	149272.6
6594	148114.7
6595	160050.6
6596	1763848.0
6597	103625.8
6598	112107.0
6600	612810.1
6601	152718.9
6603	261103.9
6604	87062.15
6606	385556.7
6616	3850623.0
6618	6119713.0
6619	5043004.0
6620	403702.3
6621	2358493.0
6622	377928.0
6623	1256109.0
6624	535201.7
6626	337094.9
6627	169297.8
6628	308478.5
6629	140054.8
6630	138509.7
6631	113482.5
6648	537080.4
6649	131696.9
6650	362439.5
6651	120555.2
6652	267159.2
6654	109130.6
6655	2074199.0
6657	1182057.0
6659	427994.1
6661	177473.2
6663	174775.0
6664	192285.9
6667	155454.6
6668	101835.7
6669	135858.5
6671	144746.0
6672	91030.3
6673	2817164.0
6674	802017.6
6675	1150538.0
6676	1849523.0
6677	1997496.0
6678	1404364.0
6679	1192520.0
6680	156688.4
6681	355150.7
6682	351339.6
6683	141763.6
6685	100500.1
6686	129547.7
6687	104417.7
6688	531420.8
6691	632530.9
6693	98819.19
6694	525540.4
6696	337409.8
6698	85584.38
6700	122338.6
6704	83839.77
6708	69804.27
6710	106474.6
6712	72420.76
6713	149214.3
6718	134600.6
6720	79634.27
6722	68549.11
6730	138741.4
6733	131447.0
6734	72196.12
6735	112531.1
6736	107615.8
6737	126864.9
6743	409122.9
6744	155299.9
6745	167088.7
6746	87776.87
6747	101248.6
6748	195477.6
6749	88359.83
6751	111864.4
6752	75026.01
6754	123450.3
6759	130737.4
6760	428298.2
6761	204966.4
6763	3378563.0
6765	1828631.0
6767	781977.2
6769	212922.4
6774	124960.3
6775	135271.5
6776	88864.41
6777	181965.7
6778	94974.98
6779	175277.6
6780	191287.5
6783	242077.2
6784	134069.3
6794	7996547.0
6795	230945.7
6797	7619600.0
6798	4458601.0
6799	154156.4
6801	99571.3
6802	1777320.0
6803	538623.3
6806	74104.09
6810	228559.4
6811	321829.3
6812	128809.5
6813	86738.08
6814	279477.7
6815	212842.4
6817	92552.57
6822	96484.98
6823	76546.27
6824	223790.5
6825	66294.67
6826	318773.3
6827	246145.7
6828	256817.1
6829	238434.5
6840	13250340.0
6841	25948660.0
6842	25731310.0
6843	21096640.0
6844	1018750.0
6845	394384.2
6846	403151.8
6847	114910.6
6848	194557.5
6849	235129.9
6851	195715.3
6852	140895.0
6853	197128.4
6858	280537.1
6860	263199.8
6863	381850.4
6866	114291.4
6867	91743.17
6869	82245.85
6872	73443.84
6873	129174.5
6875	134602.1
6877	134640.9
6879	168979.3
6881	420665.5
6882	745372.6
6883	521518.2
6884	317330.8
6885	62870.66
6886	151868.2
6887	727295.7
6889	294049.3
6894	302691.8
6901	115083.5
6904	226046.4
6905	449616.3
6908	176334.7
6910	183692.7
6912	228035.7
6917	73595.05
6919	146827.5
6920	153729.5
6921	154486.4
6923	269477.8
6925	232377.3
6927	274547.6
6928	158703.8
6938	185488.7
6942	82762.13
6945	367147.2
6947	361263.8
6950	83697.33
6951	188953.8
6954	283950.2
6955	128179.5
6956	176780.2
6958	191279.1
6959	140641.3
6960	170134.1
6962	521274.0
6965	445267.0
6967	240051.7
6969	103504.0
6970	80076.09
6975	113092.2
6986	178138.6
6987	184506.0
6989	225972.6
6990	299606.5
6992	169325.2
6994	123338.8
7003	163718.3
7005	660046.1
7006	702718.8
7007	482036.5
7008	252458.7
7009	152678.6
7010	157934.1
7011	165889.6
7012	184776.3
7013	100395.8
7014	143367.1
7015	101589.4
7017	141987.8
7020	154294.8
7022	141495.4
7023	340089.5
7024	430600.6
7025	165857.8
7026	362264.9
7027	299404.5
7028	328263.5
7029	239075.7
7030	143573.7
7031	156698.7
7032	143109.2
7039	459948.7
7042	160732.3
7043	338205.0
7045	200673.8
7047	888157.6
7050	1378083.0
7053	1461825.0
7055	801150.5
7057	445883.8
7058	227305.8
7060	169701.9
7062	223663.6
7063	359241.6
7066	398058.6
7067	260794.0
7069	170987.8
7073	100869.8
7078	79201.73
7085	153198.0
7087	14936410.0
7088	462829.7
7089	383006.6
7090	10697580.0
7091	203281.7
7092	173061.3
7093	4161090.0
7096	1144960.0
7099	195756.2
7102	91100.57
7107	426612.4
7109	654870.1
7110	835260.4
7111	773018.9
7112	596134.8
7113	1740272.0
7115	203702.2
7118	1035582.0
7122	350958.6
7124	396222.8
7125	650934.4
7128	599003.4
7130	148304.2
7131	213913.7
7133	196652.4
7135	73035.7
7142	145225.8
7146	216360.1
7148	239927.5
7150	309965.8
7157	430022.6
7158	474861.4
7160	262679.1
7161	132963.1
7162	205447.4
7165	197227.1
7167	169228.0
7170	125879.7
7176	176942.8
7177	448465.0
7178	325837.3
7179	145272.4
7180	151672.9
7181	541278.4
7182	433476.9
7183	6973281.0
7184	359823.0
7185	9619753.0
7186	338844.9
7187	6966037.0
7188	431799.8
7190	3894732.0
7192	1970135.0
7194	326234.4
7195	372902.3
7197	119854.6
7199	141038.6
7206	175667.3
7211	140197.9
7214	285330.0
7215	646776.4
7216	611889.4
7217	637303.6
7218	552685.3
7219	191823.8
7229	291046.4
7230	18097640.0
7231	42912310.0
7232	44469730.0
7233	33880770.0
7235	19836020.0
7236	10244340.0
7238	4272710.0
7239	1893466.0
7241	799241.5
7242	154594.5
7252	143696.4
7254	224231.4
7255	140978.1
7256	155685.1
7257	289971.5
7259	128976.9
7261	213937.1
7263	223355.6
7265	135558.1
7267	173536.9
7281	353699.8
7282	171394.3
7283	989548.6
7284	180089.0
7285	686922.0
7286	231833.8
7287	772488.9
7288	318202.7
7289	569493.9
7290	674130.9
7291	492847.6
7293	445754.8
7294	251059.5
7295	236072.5
7297	176110.5
7299	387687.9
7302	270200.6
7304	121422.7
7307	143543.3
7309	97657.87
7322	282495.3
7329	599176.8
7330	437808.8
7331	798199.3
7332	344472.8
7333	1351697.0
7334	713961.3
7337	392132.6
7339	456658.3
7341	412466.4
7343	296228.6
7344	253301.2
7350	1780058.0
7352	2935330.0
7354	3442961.0
7355	144666.0
7357	2568629.0
7361	1313413.0
7364	566446.1
7365	164453.2
7367	186048.9
7368	349625.8
7369	605344.8
7372	435571.9
7375	259028.5
7381	135284.1
7391	108379.5
7392	127197.4
7394	110178.2
7395	245448.9
7402	196294.6
7410	250588.9
7411	134177.3
7412	292047.5
7413	421590.7
7414	273285.7
7417	257002.7
7419	218020.5
7421	145430.3
7424	949465.8
7427	1701977.0
7429	1142704.0
7432	569483.9
7434	280822.2
7449	170400.0
7450	146322.1
7451	94446.58
7452	152697.8
7453	153580.5
7454	153765.2
7455	304670.3
7456	152755.6
7457	169124.8
7460	581329.5
7464	516501.2
7469	160674.8
7478	369855.7
7479	183654.9
7480	228065.3
7481	344284.0
7482	729274.3
7483	391659.2
7484	340149.0
7485	209221.6
7486	271122.3
7490	112654.5
7503	235190.5
7504	125139.4
7505	162121.8
7511	223498.7
7512	162963.5
7513	256692.7
7514	753014.6
7515	987124.6
7516	608125.1
7517	632234.5
7518	447967.5
7534	157635.8
7535	136664.4
7536	749516.5
7537	2231815.0
7538	4337186.0
7539	5009897.0
7540	3954070.0
7541	3493838.0
7542	2681197.0
7543	9278493.0
7546	16543990.0
7548	17168850.0
7550	14513220.0
7553	8596700.0
7555	4588227.0
7558	1705636.0
7560	872184.6
7561	362094.6
7564	176436.9
7567	148528.0
7570	254005.2
7572	92989.4
7580	136414.1
7586	173210.0
7587	377987.8
7588	401289.5
7589	389551.1
7590	310845.9
7591	277216.6
7593	331800.5
7594	470417.0
7596	360656.8
7598	133089.4
7599	130856.8
7600	206791.7
7602	119801.4
7603	267097.8
7605	347245.9
7607	332924.2
7609	242433.9
7618	537676.6
7620	223210.5
7622	370844.7
7623	117869.9
7625	216474.0
7626	339182.1
7628	108939.9
7630	178217.6
7633	350082.3
7636	157313.5
7646	276159.6
7647	297840.6
7648	370850.5
7649	236148.0
7650	254394.9
7651	180417.0
7652	397602.7
7653	433789.3
7654	249133.5
7655	220696.0
7659	137410.7
7660	200836.6
7661	145115.3
7662	211006.9
7663	196951.6
7664	170510.5
7665	239446.9
7667	376429.9
7669	130322.8
7670	406414.5
7671	534518.3
7672	674048.9
7674	536384.6
7675	219728.3
7676	238862.4
7692	131399.4
7693	303652.4
7694	1498132.0
7695	1105902.0
7696	617280.3
7697	245355.3
7698	145813.1
7700	148795.3
7701	363959.7
7702	237361.3
7703	620459.2
7705	1254671.0
7708	1257803.0
7709	932500.1
7712	888090.9
7713	536073.6
7715	301762.9
7721	196182.6
7722	413449.5
7724	725421.8
7726	640559.8
7727	356231.6
7728	443468.1
7734	411328.6
7736	192539.4
7737	140475.7
7738	184953.5
7739	445678.3
7740	179756.2
7741	211193.4
7742	436227.4
7743	289340.1
7744	313655.9
7745	246287.4
7749	178617.2
7750	208141.3
7751	221421.9
7752	193128.1
7753	736154.6
7754	1377384.0
7755	1236645.0
7756	897397.6
7757	419222.7
7758	152696.0
7762	9797103.0
7764	20613260.0
7766	23138790.0
7768	18652160.0
7769	12172990.0
7771	6790686.0
7773	3185862.0
7775	1267589.0
7777	390331.8
7787	142028.4
7789	145898.3
7793	197779.4
7794	201087.2
7795	149706.4
7796	350215.8
7797	290929.1
7798	395019.1
7799	744181.6
7800	687709.1
7801	277876.5
7802	311927.8
7803	322587.2
7804	162804.2
7807	441431.8
7809	543413.1
7810	154676.2
7811	205257.6
7814	517381.1
7816	327914.2
7824	226546.6
7825	200519.2
7826	256607.8
7828	330416.4
7829	210608.7
7830	296550.9
7831	308661.3
7832	340545.3
7833	194898.3
7834	353471.1
7835	252553.1
7836	135265.2
7837	291200.9
7838	237333.6
7839	255783.8
7840	243909.3
7841	662953.4
7842	201777.4
7843	395718.7
7844	214981.0
7848	2254012.0
7850	6669079.0
7851	10232210.0
7852	11087040.0
7853	11934610.0
7855	9164732.0
7856	5990608.0
7857	3255310.0
7859	2096119.0
7860	989834.5
7861	324844.1
7866	171654.8
7871	330850.2
7873	519648.2
7874	502998.6
7875	504490.8
7876	407121.7
7885	114661.0
7889	223122.6
7890	259344.6
7892	172330.1
7893	202810.7
7894	264479.0
7895	265772.5
7896	166685.4
7897	140224.4
7898	213250.1
7899	446678.4
7900	407336.5
7901	222664.3
7902	355212.0
7903	238297.6
7905	160687.0
7906	144001.1
7907	129891.6
7908	189843.0
7911	238725.3
7918	185073.1
7919	278584.3
7920	354630.5
7921	267149.8
7922	186137.8
7923	414924.7
7924	284505.7
7925	175948.0
7926	133728.3
7927	143101.6
7928	148009.5
7929	257650.8
7930	220931.5
7931	128330.0
7932	135549.6
7933	396519.7
7934	733699.1
7935	907864.4
7936	411382.2
7937	292246.5
7949	283978.4
7950	515384.5
7951	421904.3
7952	296056.4
7953	221144.5
7954	307022.7
7955	166840.1
7956	175743.2
7958	1044508.0
7960	1550092.0
7962	1015110.0
7964	475311.3
7966	225189.2
7975	167637.2
7976	224330.0
7977	470973.7
7978	741010.6
7979	669040.9
7980	921496.3
7981	569480.1
7982	150135.0
7983	5771018.0
7984	5705268.0
7985	2900261.0
7986	1381327.0
7987	286877.2
7988	187742.8
7989	365336.3
7992	185403.5
7997	167749.7
7998	191014.1
7999	205416.6
8000	378077.1
8001	686573.6
8002	761787.3
8003	619715.7
8004	513392.1
8005	459549.1
8006	266278.6
8023	180073.9
8025	204375.5
8026	375394.0
8027	498828.0
8029	562682.9
8030	465387.4
8031	199599.6
8033	298721.4
8046	743266.3
8047	1830581.0
8048	2125605.0
8049	1484267.0
8050	990186.5
8051	621454.8
8053	475884.6
8055	608881.9
8056	405574.8
8058	198492.2
8061	249167.3
8071	163962.0
8075	180996.8
8076	183446.7
8078	186643.4
8080	186193.1
8090	245676.4
8091	509035.2
8092	312810.3
8093	165705.3
8094	224371.8
8095	501145.2
8096	405598.5
8097	301634.1
8107	259023.8
8108	155674.3
8109	141463.7
8110	342569.1
8111	330284.7
8112	352755.1
8113	273427.2
8114	166336.6
8115	297256.3
8116	230842.3
8117	180261.0
8118	415660.8
8119	427672.5
8120	184520.8
8121	126399.5
8122	144600.8
8123	175570.6
8129	430910.0
8130	1962841.0
8131	5052293.0
8132	9422020.0
8133	9027312.0
8134	8693807.0
8135	6193554.0
8136	4273555.0
8137	2686089.0
8138	1428995.0
8139	661876.0
8140	199001.7
8141	175989.2
8157	470933.1
8161	530450.9
8165	270956.7
8175	304455.9
8176	251128.9
8178	171719.3
8179	293891.1
8180	313832.9
8186	161597.8
8187	2457179.0
8188	5491844.0
8189	6444288.0
8190	4914338.0
8191	3124808.0
8192	1741974.0
8193	786030.1
8194	410221.9
8208	361359.0
8210	218463.9
8212	326482.7
8222	310639.2
8223	380487.4
8224	820108.1
8225	795260.2
8238	81799.0
8239	161791.6
8240	57864.59
8241	72435.76
8242	68769.66
8243	201251.3
8244	160431.2
8245	82778.44
8246	71030.98
8247	248978.5
8248	57663.31
8249	74431.17
8250	55333.85
8251	47869.57
8252	41087.26
8253	308242.7
8254	144767.9
8255	54620.89
8260	55863.26
8261	88373.68
8262	6362129.0
8263	4250569.0
8264	1416282.0
8265	493510.2
8266	128562.7
8272	46233.53
8273	151835.6
8274	190326.5
8276	153251.5
8278	118111.0
8286	71485.11
8287	112736.0
8288	45976.13
8292	494877.4
8293	563067.2
8294	419029.8
8297	39682.15
8302	286571.0
8303	386047.6
8304	155570.3
8305	90962.14
8312	347156.0
8313	77659.03
8314	592102.8
8315	547890.4
8316	298932.5
8317	104519.9
8324	7552838.0
8325	3646611.0
8326	1012303.0
8327	201730.1
8332	104399.2
8333	57901.93
8334	77879.74
8335	63362.93
8336	50222.93
8341	119436.2
8342	179466.7
8343	106682.1
8344	64943.21
8349	396912.7
8350	528140.8
8351	371214.2
8352	293388.2
8353	58268.4
8356	80046.57
8359	70019.4
8365	168764.7
8366	81049.98
8369	259180.1
8371	80783.02
8372	183501.1
8375	313601.3
8377	73807.24
8378	254047.6
8380	198054.5
8382	63906.91
8384	115255.0
8386	82879.66
8394	1671181.0
8395	362332.8
8396	370996.8
8397	138932.8
8398	86267.83
8400	56439.41
8404	189197.0
8407	88043.64
8408	109744.0
8409	52653.0
8411	14557170.0
8412	15378330.0
8413	8220564.0
8415	2753883.0
8416	471264.8
8418	857967.5
8419	324271.2
8420	1312382.0
8421	97055.47
8422	952135.9
8424	198243.5
8425	339991.7
8426	384635.3
8427	186424.7
8429	223766.5
8431	137934.9
8432	118071.8
8435	173363.7
8437	221253.3
8439	137686.3
8443	92821.45
8447	98680.28
8449	76390.2
8456	59566.98
8457	60190.81
8458	1646063.0
8459	3507876.0
8460	3322169.0
8461	2728046.0
8462	2181122.0
8463	736034.3
8464	647391.6
8465	251361.5
8466	191888.6
8479	336820.8
8481	303276.0
8482	418028.0
8483	153893.3
8484	1296506.0
8485	1355769.0
8486	668085.3
8487	343008.2
8488	76912.55
8490	91951.11
8491	97796.63
8493	464999.3
8494	131033.7
8495	58138.24
8497	254753.9
8500	264792.2
8503	89537.1
8504	79848.22
8506	621117.6
8509	1155306.0
8511	147749.5
8512	958721.4
8515	852761.2
8516	275764.5
8528	195831.2
8532	166025.5
8533	56142.39
8534	148848.0
8539	93636.45
8540	102447.4
8541	80746.43
8547	449485.2
8548	324305.6
8552	92761.76
8555	183349.4
8556	133882.4
8557	164125.0
8559	46319.62
8560	79708.8
8566	161252.5
8567	47046.34
8568	79197.57
8569	153622.6
8570	1071489.0
8571	41221.11
8572	1068064.0
8573	388666.9
8574	113524.6
8577	72663.05
8580	297712.2
8582	178223.3
8583	242808.5
8585	120926.2
8586	85782.02
8587	81830.88
8588	67618.55
8591	483787.3
8592	422618.4
8593	364893.7
8594	90409.31
8596	224952.7
8598	138572.6
8605	108316.0
8606	85969.27
8608	535115.6
8612	136880.7
8614	727525.1
8616	563768.3
8617	267357.9
8618	147167.6
8626	172156.8
8627	79402.68
8628	118645.2
8630	61205.21
8631	61251.32
8638	139686.5
8640	1260386.0
8641	162959.7
8642	1030662.0
8643	743321.6
8644	384746.3
8645	190450.1
8648	110002.7
8650	296927.9
8652	354073.6
8654	115399.2
8656	194315.3
8657	98712.25
8660	86925.13
8661	90982.63
8663	288367.6
8664	51245.14
8668	120756.5
8670	61332.55
8671	130884.0
8672	404196.4
8673	452007.0
8674	319627.1
8675	299072.6
8677	361370.3
8678	783738.0
8679	57816.94
8680	1263886.0
8681	207746.0
8682	1102901.0
8684	578507.6
8686	316756.3
8692	92364.02
8694	298943.3
8696	13573370.0
8699	26956970.0
8701	26658290.0
8703	19726230.0
8704	12413120.0
8707	6485321.0
8708	2954153.0
8710	918056.6
8713	447910.4
8714	135987.2
8715	159962.7
8716	275770.3
8717	323469.7
8718	104852.1
8719	203028.2
8720	126096.7
8721	101689.9
8722	194209.8
8723	4436121.0
8724	5380563.0
8725	4524706.0
8726	164688.1
8727	2092323.0
8728	700146.8
8729	438695.6
8730	76567.12
8731	147775.9
8733	168007.0
8735	185420.3
8736	86952.78
8737	94090.19
8738	64644.41
8739	104655.6
8745	125394.6
8746	78670.41
8747	89502.4
8748	165145.8
8749	189901.1
8750	67529.0
8751	157210.3
8753	105485.0
8754	184486.7
8756	105684.9
8758	146856.0
8759	101908.7
8762	284781.1
8764	121960.4
8765	337937.0
8766	281452.9
8767	311913.9
8768	185645.4
8769	119900.4
8770	165031.7
8771	127038.2
8773	349570.5
8774	279963.3
8775	1418495.0
8777	1235647.0
8779	628141.3
8781	271148.6
8790	237855.4
8791	112299.2
8792	1275047.0
8793	197682.4
8794	336281.3
8795	440514.8
8796	324733.3
8797	90961.45
8798	336865.2
8799	70931.62
8801	277525.2
8806	2004023.0
8807	3697184.0
8808	2298978.0
8809	381390.6
8810	1444483.0
8811	447873.9
8812	738615.0
8813	499949.7
8815	163333.8
8816	217084.9
8817	183065.0
8818	79009.25
8819	220281.0
8823	97367.91
8826	162492.2
8833	319347.1
8836	236763.5
8838	140256.6
8841	734436.4
8842	138761.2
8843	631720.9
8844	501825.8
8846	112857.2
8847	1958413.0
8850	1246720.0
8852	447981.9
8856	81503.23
8857	221470.8
8860	333489.8
8861	355679.2
8863	105909.8
8864	46730.18
8865	1518843.0
8866	431815.0
8867	423988.3
8868	849156.1
8869	652297.8
8870	868401.1
8871	509073.4
8873	86801.45
8874	198471.0
8875	105326.6
8877	151824.4
8878	176222.0
8879	93916.85
8881	1139431.0
8884	1181397.0
8886	1222478.0
8888	636767.0
8890	218219.3
8891	119630.2
8893	76746.91
8897	101397.8
8899	155484.0
8902	131897.3
8911	112421.0
8912	92790.99
8913	418974.8
8914	137677.6
8915	776747.3
8916	510090.8
8917	135750.4
8918	130017.7
8919	99276.96
8920	105371.4
8921	227151.6
8923	79503.22
8929	105238.2
8930	233738.1
8931	244904.4
8933	4450002.0
8935	3034026.0
8937	1389523.0
8938	91932.21
8940	240643.1
8946	223908.5
8947	162464.8
8948	377198.2
8950	141448.2
8953	9024858.0
8954	307048.5
8956	9364755.0
8957	363167.6
8958	5011057.0
8959	287294.5
8961	199017.5
8962	1854732.0
8963	271222.6
8964	513697.5
8975	85820.52
8977	108386.3
8979	111528.7
8980	298732.1
8981	452875.2
8983	155819.2
8984	270904.2
8985	194522.4
8988	113202.7
9006	88526.33
9007	119502.9
9008	391662.3
9009	397659.2
9010	427537.5
9011	73614.65
9022	89869.02
9024	23375610.0
9025	43156160.0
9026	45955100.0
9027	33339460.0
9028	19194940.0
9030	8785727.0
9031	4066268.0
9032	1691483.0
9034	541536.1
9035	241725.1
9039	192112.1
9044	204669.9
9046	95364.89
9049	246408.5
9051	161013.3
9058	163559.9
9060	91784.31
9061	98529.96
9062	202514.8
9063	238723.8
9065	123253.4
9068	144063.1
9070	153107.8
9071	162064.9
9075	218556.1
9076	501698.4
9078	1123786.0
9079	588630.8
9080	521121.3
9082	261735.3
9083	677177.9
9084	213913.9
9086	262124.0
9088	309726.0
9094	242880.5
9096	257602.1
9097	534134.8
9099	255015.7
9101	162138.7
9103	95761.76
9109	148774.6
9111	306655.1
9113	377057.3
9114	308460.5
9115	122059.1
9121	144005.2
9127	297322.3
9128	314231.1
9131	328388.7
9132	347808.2
9134	72020.31
9135	176563.2
9140	971048.4
9142	1655129.0
9145	1291603.0
9147	795304.3
9149	541372.5
9151	152443.7
9153	108610.3
9156	99105.24
9159	145038.2
9160	405858.7
9162	424895.3
9163	167183.5
9164	210932.2
9165	141783.4
9175	225485.5
9178	447640.9
9179	582868.4
9180	421028.9
9181	300907.7
9182	236276.6
9183	145366.6
9185	222369.6
9186	403097.7
9187	636396.8
9188	313781.5
9189	80626.1
9190	93059.91
9193	103766.4
9195	281223.6
9196	363406.2
9197	355023.1
9198	242587.5
9199	188075.8
9200	196001.9
9201	320560.1
9202	393684.1
9204	153649.8
9213	96655.55
9216	337336.5
9218	229724.0
9219	660142.9
9221	595677.9
9223	196828.5
9224	82681.61
9226	139513.7
9227	265850.2
9229	97750.22
9234	218491.0
9241	160733.8
9242	166455.3
9243	275534.2
9244	7150347.0
9245	520488.8
9246	577918.1
9248	5317339.0
9249	346589.8
9250	223732.3
9251	2290285.0
9254	681074.3
9260	123258.2
9265	158779.7
9266	267289.9
9269	41042240.0
9271	29911380.0
9273	413093.7
9274	13755180.0
9275	829717.5
9276	440756.1
9277	5078127.0
9278	279871.6
9279	148374.7
9281	80640.85
9287	174604.6
9291	236586.5
9293	104252.3
9296	227451.7
9303	312801.8
9305	342748.3
9307	116617.0
9308	219569.4
9309	163856.7
9312	180155.0
9314	182099.7
9317	470307.0
9322	421797.9
9325	209659.6
9328	337187.5
9330	204667.9
9337	186704.5
9339	481102.1
9340	302621.9
9341	2958618.0
9342	261255.8
9344	4543449.0
9345	451614.8
9346	3320716.0
9347	413772.7
9348	1583584.0
9350	821339.1
9352	127555.6
9353	143485.2
9366	299928.3
9369	205259.6
9370	198460.3
9372	275161.4
9373	257019.6
9374	222028.3
9376	336110.8
9377	362702.5
9378	478368.5
9380	579745.3
9381	357500.1
9382	166989.7
9385	356278.8
9389	115019.8
9396	186265.7
9399	29116860.0
9400	31949370.0
9402	25201480.0
9404	16346670.0
9405	8469798.0
9408	3640972.0
9409	1639490.0
9411	668351.1
9412	372796.5
9421	147909.6
9426	174579.4
9428	167755.4
9429	1473820.0
9430	134254.5
9431	769952.2
9432	253095.8
9433	149916.9
9434	402136.7
9435	271821.2
9436	440240.7
9437	341875.8
9438	453490.3
9440	105347.5
9441	225552.3
9446	469085.1
9449	305368.5
9452	142754.7
9454	139340.7
9463	313608.2
9469	178358.6
9470	308633.3
9473	1131321.0
9475	679654.9
9476	3079762.0
9477	482008.3
9478	4814984.0
9479	3392319.0
9481	2166387.0
9482	378561.7
9483	954255.0
9484	485111.9
9486	450968.2
9487	264908.4
9491	179921.2
9493	2005055.0
9495	3274044.0
9498	2813457.0
9499	107827.8
9501	2520619.0
9503	199695.8
9505	1142194.0
9509	470358.0
9510	321334.5
9512	221656.5
9513	604089.8
9515	411669.5
9518	572934.9
9521	485216.3
9534	206169.7
9549	283292.0
9550	107682.6
9551	239315.0
9552	157711.0
9554	161321.1
9556	515388.7
9558	745155.9
9560	476286.0
9562	377759.7
9577	171112.5
9578	158784.7
9579	142132.0
9580	160639.3
9581	174212.2
9582	538875.1
9583	344527.7
9584	203657.9
9591	216612.3
9592	344370.9
9593	846517.2
9594	1302019.0
9595	729591.6
9596	746187.3
9597	473746.3
9598	190958.8
9615	269757.7
9616	242995.4
9617	210655.7
9618	150430.1
9619	299236.8
9620	651610.6
9621	816731.2
9622	764399.1
9623	430368.7
9624	484499.2
9636	177620.5
9637	123655.9
9639	252279.5
9648	145666.3
9649	316117.2
9650	346594.0
9651	214898.1
9652	152287.2
9653	167027.7
9654	411100.7
9655	1221797.0
9656	1864175.0
9657	2389514.0
9658	1986530.0
9659	1857526.0
9660	930934.5
9661	15424200.0
9664	26897280.0
9666	31041200.0
9668	23679910.0
9671	14521400.0
9673	7261736.0
9676	3728643.0
9678	1226695.0
9679	566638.5
9682	275198.4
9684	207027.2
9686	155230.3
9691	250186.5
9694	313774.5
9695	459907.4
9696	416627.8
9697	211048.0
9698	222534.9
9699	475854.2
9701	213838.0
9702	443081.7
9704	171559.4
9705	191664.0
9708	293682.5
9713	198331.4
9714	224321.2
9716	432837.7
9718	583808.9
9720	456903.5
9722	352464.3
9723	177469.3
9731	780273.1
9733	341632.9
9735	459586.7
9736	324106.4
9738	377842.7
9740	531109.4
9741	648133.9
9743	359098.3
9745	124276.6
9747	245979.0
9750	246556.8
9753	133333.0
9763	282414.9
9764	267852.1
9765	730551.4
9766	682738.6
9767	721624.3
9768	316117.9
9769	380130.0
9770	228760.4
9771	402356.9
9772	361605.5
9773	183977.9
9774	225157.4
9778	182146.2
9779	265174.0
9780	179993.6
9782	237876.0
9786	200497.9
9788	148255.0
9789	485992.0
9790	222395.7
9791	232464.7
9792	336748.6
9793	276900.9
9796	156123.9
9807	267626.6
9808	324530.1
9809	289787.1
9810	163959.6
9811	151753.5
9813	185270.6
9816	1590511.0
9817	1447512.0
9818	645945.9
9819	275055.5
9820	175373.0
9822	529632.8
9823	1133751.0
9824	150115.5
9826	1651486.0
9828	832426.4
9831	1420126.0
9832	967866.1
9835	884502.9
9836	435006.4
9838	428925.0
9839	376916.3
9844	227186.0
9845	568635.4
9846	352545.7
9847	515067.3
9848	279445.1
9849	199727.0
9854	412167.6
9857	249861.8
9858	285347.4
9859	252199.8
9860	136998.4
9861	201206.7
9862	395595.7
9863	232031.9
9864	385009.2
9865	613946.6
9866	398082.7
9867	348683.5
9872	7080668.0
9874	15152030.0
9876	15927370.0
9877	13640030.0
9878	8101840.0
9880	4638879.0
9881	1973688.0
9883	711014.3
9890	142480.4
9891	222813.4
9893	201719.8
9894	225916.1
9897	178120.8
9898	381148.0
9899	204963.7
9900	104219.8
9911	163665.4
9912	443163.3
9913	275699.6
9914	208525.8
9915	314647.0
9916	170860.2
9919	719056.2
9921	704619.3
9922	315347.2
9925	500012.8
9927	201242.9
9935	168075.7
9937	168573.2
9938	257543.4
9939	147947.9
9940	358133.2
9941	351937.3
9942	442915.6
9943	190382.0
9944	187320.7
9945	313300.9
9946	203504.9
9947	237016.3
9949	328509.1
9950	432441.0
9952	170632.8
9956	204756.9
9957	256389.5
9958	261949.2
9959	691431.1
9960	142186.5
9961	690646.3
9962	193990.3
9963	617932.1
9964	353473.2
9968	992001.5
9970	3391503.0
9971	5167365.0
9973	6986132.0
9974	5650531.0
9976	5392697.0
9978	3308220.0
9979	2442062.0
9981	1286002.0
9982	702559.6
9983	302436.0
9985	290059.5
9994	183542.5
9996	238777.4
9998	316008.8
9999	684268.1
10000	453064.3
10003	372137.8
10004	263626.4
10017	175105.6
10023	230583.8
10025	287602.9
10026	196745.5
10028	350755.5
10029	182036.3
10030	125908.4
10031	259322.3
10032	227982.2
10033	178345.0
10034	387226.8
10035	234545.5
10036	191397.9
10037	220293.8
10038	227486.0
10039	424611.1
10040	313300.3
10041	536953.3
10042	474315.9
10043	657316.6
10044	367744.3
10045	236940.0
10046	366442.3
10047	522152.4
10048	655350.2
10049	399720.7
10050	332051.4
10062	311220.5
10063	223081.7
10064	368676.4
10065	697855.8
10066	234877.0
10070	180290.2
10071	162291.5
10072	350731.2
10073	221867.7
10074	310300.0
10075	477763.9
10076	214099.4
10077	172091.4
10092	273664.3
10093	340325.6
10094	343184.9
10095	153584.8
10103	247953.6
10104	295400.0
10105	414460.3
10106	1124981.0
10107	1047578.0
10108	975369.8
10109	583666.4
10110	436175.2
10111	244242.6
10115	2946899.0
10116	2384587.0
10117	1221046.0
10118	809014.4
10119	151727.8
10121	162767.0
10123	118140.5
10127	123677.5
10128	146568.3
10129	405660.6
10130	270289.3
10131	128953.1
10132	483269.8
10133	813793.8
10134	1466359.0
10135	1178763.0
10136	787624.9
10137	934999.4
10138	725963.4
10139	573341.1
10141	141017.9
10155	297747.7
10159	774749.6
10160	555483.4
10161	940698.3
10162	942908.1
10163	583120.1
10164	767330.4
10165	315087.6
10166	219254.3
10188	1118171.0
10189	2819499.0
10190	3465500.0
10191	1980291.0
10192	636641.2
10193	1362565.0
10194	790393.5
10196	668313.2
10197	574201.7
10199	284183.6
10203	371285.5
10205	262736.7
10210	225189.2
10222	242442.0
10227	140367.5
10229	141844.5
10235	170039.3
10236	199907.0
10237	154989.9
10238	221934.8
10239	376762.8
10240	155179.6
10241	193133.8
10242	198540.2
10243	237769.1
10244	456068.2
10245	408747.3
10246	201047.9
10247	299712.5
10248	138592.6
10249	216627.2
10250	387720.4
10251	217559.6
10252	266396.3
10253	218405.3
10254	507943.0
10255	449678.0
10256	306916.4
10257	212117.5
10258	143390.9
10259	166044.8
10260	209787.6
10261	390590.2
10262	319324.3
10263	150830.2
10264	205658.7
10272	122741.9
10273	378220.7
10274	256995.1
10276	232445.5
10277	197875.2
10289	893614.8
10290	2678350.0
10291	4545838.0
10292	4943079.0
10293	4279660.0
10294	4076008.0
10295	2155951.0
10296	1977011.0
10297	500684.8
10298	360037.9
10316	277158.1
10322	429532.7
10323	319197.3
10324	1155785.0
10325	3395869.0
10326	3377575.0
10327	3012547.0
10328	1462407.0
10329	761770.3
10330	288297.3
10343	263062.0
10345	419145.8
10347	626131.4
10349	302310.2
10360	488520.4
10361	542719.4
10362	546066.6
10363	772733.6
10376	195136.8
10377	72286.23
10378	124038.3
10379	61151.07
10380	478249.2
10381	57594.68
10382	96770.29
10383	107289.3
10384	386794.0
10385	42706.53
10386	287549.5
10387	239810.3
10388	88823.94
10393	72382.56
10394	54968.18
10395	7356482.0
10396	5318532.0
10397	1831801.0
10398	470585.3
10399	66323.2
10406	116306.0
10407	252354.5
10408	247554.5
10414	271994.9
10415	84312.08
10419	166039.3
10420	212917.7
10421	141863.3
10424	89383.46
10429	339912.5
10430	140669.5
10431	127951.2
10432	48603.05
10439	281110.6
10440	209234.3
10441	388565.7
10442	354419.5
10444	220793.6
10453	11009110.0
10454	4997637.0
10455	1551188.0
10456	199746.2
10461	55958.77
10462	188994.5
10464	184925.6
10472	72352.41
10473	67524.28
10474	84252.31
10479	347985.9
10480	611112.9
10481	251244.8
10482	190748.3
10483	101650.4
10486	97121.72
10495	855450.4
10496	742724.6
10498	1063029.0
10499	84585.57
10500	872996.3
10502	420782.3
10504	115873.5
10512	1785622.0
10513	999346.9
10514	461126.3
10515	774440.4
10516	471226.1
10518	70488.04
10522	659137.3
10525	584106.4
10526	321309.8
10528	16201360.0
10529	16081320.0
10530	8676648.0
10532	3497267.0
10533	549016.1
10535	1062968.0
10536	173108.2
10537	1324586.0
10539	959916.4
10541	162531.6
10542	1496550.0
10543	566286.6
10544	1073585.0
10548	521919.3
10551	92036.25
10553	911002.3
10555	881585.0
10557	704334.2
10560	332714.8
10561	329926.8
10568	838675.4
10569	2539430.0
10570	2668452.0
10571	2473606.0
10572	1429310.0
10573	656635.8
10574	395805.5
10575	65205.3
10576	73188.71
10589	212844.8
10591	444135.7
10592	351471.7
10593	80244.63
10594	62276.63
10595	392700.4
10596	58563.62
10597	64166.21
10598	407537.1
10600	157035.8
10602	234599.7
10603	67042.79
10605	323810.5
10607	479984.8
10609	91361.84
10610	399033.9
10613	177095.4
10614	59912.92
10625	98567.78
10629	109071.5
10630	196761.1
10631	83679.87
10632	147726.6
10633	181474.8
10637	74616.16
10640	861677.9
10641	986016.2
10642	483211.7
10644	98452.84
10645	77274.9
10651	143820.3
10652	333616.3
10653	1105677.0
10654	670935.5
10655	445345.8
10656	113044.2
10659	65467.85
10662	237600.6
10664	195932.3
10665	297121.3
10667	135389.4
10668	78691.59
10669	306960.2
10670	272659.7
10671	173708.9
10672	83001.66
10674	90057.2
10682	279133.7
10683	227185.9
10685	729182.8
10689	183415.0
10691	164355.9
10693	220658.2
10700	80004.18
10701	469054.8
10702	349619.8
10703	88614.17
10704	108459.9
10712	1439261.0
10713	175636.1
10714	1131204.0
10715	692815.3
10716	355154.0
10720	85684.87
10722	355778.0
10724	184162.0
10726	302229.0
10728	154912.7
10730	56081.7
10731	72311.55
10732	217333.6
10733	182126.3
10734	363581.1
10735	246324.6
10736	83074.23
10737	904713.6
10738	905565.6
10740	790050.9
10742	449903.3
10744	221872.9
10751	11648310.0
10752	22959850.0
10754	24488080.0
10755	18187710.0
10756	11611460.0
10757	5411181.0
10758	2614839.0
10759	1031783.0
10760	510438.3
10761	248023.6
10762	147710.9
10763	360222.7
10764	238665.4
10765	193707.8
10766	98344.48
10768	292807.0
10770	2886467.0
10771	3266365.0
10772	2910443.0
10773	1258718.0
10774	569479.9
10775	300441.6
10776	191669.3
10778	102013.7
10780	98202.93
10781	93324.59
10782	111168.8
10783	106775.8
10784	87567.47
10785	484926.3
10786	417428.2
10787	298158.1
10788	246199.8
10789	205488.2
10790	228556.3
10791	164753.7
10793	1708604.0
10795	1922799.0
10797	932963.9
10799	323446.6
10808	233000.8
10809	275829.3
10810	759817.9
10811	278264.9
10813	494420.2
10814	111339.5
10816	192494.9
10819	188202.3
10827	1233286.0
10829	1502087.0
10830	1266585.0
10831	543577.6
10832	721277.8
10833	564425.4
10834	323740.2
10835	478750.6
10837	181240.8
10838	205258.9
10839	153853.6
10840	149703.0
10841	285457.6
10846	121651.3
10849	104779.5
10858	662253.9
10861	480223.7
10863	237682.8
10865	512844.0
10866	123248.0
10867	398047.6
10868	365555.7
10870	1488178.0
10874	865642.6
10876	331273.0
10880	111226.0
10881	410682.2
10884	217218.9
10886	137759.1
10887	785578.1
10888	213539.2
10889	136656.6
10890	348665.8
10891	526524.8
10892	111505.9
10893	361350.6
10895	128345.3
10897	698812.9
10899	1276164.0
10900	751512.8
10901	455557.1
10902	147375.2
10908	107797.3
10912	136215.7
10914	129064.8
10915	102826.3
10916	693282.4
10917	128109.8
10918	2079400.0
10919	1327921.0
10920	361114.4
10921	123526.9
10922	171728.1
10923	124744.6
10930	193420.2
10931	118238.8
10933	6665808.0
10935	4603259.0
10937	1537766.0
10938	100423.8
10940	432085.2
10947	11491280.0
10948	407484.2
10949	10902460.0
10950	256449.8
10951	5749362.0
10952	2251472.0
10953	85172.47
10954	682468.3
10961	117085.8
10962	302708.0
10964	308915.8
10965	624726.6
10967	353506.1
10968	178529.5
10970	124835.9
10982	385692.3
10983	298178.2
10984	438143.0
10985	507068.4
10986	244544.3
10996	96169.77
10998	20539670.0
10999	38345540.0
11000	39912050.0
11001	30911280.0
11002	18782640.0
11004	9588570.0
11005	4491960.0
11006	1642986.0
11008	587612.3
11009	286988.4
11013	679420.1
11018	640514.4
11020	130629.2
11022	128682.8
11033	855781.9
11034	768511.1
11036	165237.4
11040	278304.1
11042	232782.5
11043	158681.6
11044	1223341.0
11045	520270.6
11046	276693.1
11047	227238.1
11048	865444.3
11049	208733.0
11050	188735.5
11052	320026.3
11059	106941.5
11060	334838.9
11071	168008.8
11072	176758.2
11073	300981.7
11079	452906.3
11080	317684.3
11082	117987.6
11083	322367.5
11085	130446.0
11088	1435924.0
11090	3044521.0
11093	2334567.0
11094	1311917.0
11096	573498.0
11097	192191.6
11099	213947.4
11101	163805.5
11104	102970.2
11105	523035.1
11107	173966.7
11108	234034.6
11109	387581.0
11121	269011.5
11125	109229.1
11126	256042.6
11128	217376.6
11130	189817.4
11131	312157.3
11132	173648.7
11133	165663.9
11134	106543.9
11135	155913.6
11138	103095.9
11140	286299.3
11141	438660.9
11142	240096.0
11143	295633.0
11145	183502.5
11146	186411.1
11160	90190.19
11161	260885.8
11162	339874.2
11163	104957.6
11164	402227.4
11165	468263.9
11166	3015174.0
11167	561781.7
11168	665570.7
11170	2428421.0
11171	345301.5
11173	768702.7
11186	128789900.0
11187	377922.8
11188	167953.6
11189	163374.3
11190	1911389.0
11191	1356920.0
11192	383364.2
11194	411135.2
11195	290638.5
11202	163697.5
11203	1587295.0
11204	263471.7
11206	2744016.0
11207	192388.3
11208	2006072.0
11209	777282.7
11210	352607.2
11212	101800.4
11224	110295.7
11226	177479.7
11228	187572.3
11229	354775.8
11231	451449.0
11233	562877.8
11234	682156.5
11235	444411.7
11237	293484.7
11239	170783.9
11242	777895.7
11246	674764.3
11255	15957860.0
11256	17706930.0
11258	13727690.0
11260	8815210.0
11261	4953344.0
11263	2361480.0
11264	1019048.0
11265	353712.6
11266	231799.9
11279	244412.8
11282	1280446.0
11283	1023892.0
11284	211784.4
11285	633255.1
11286	335787.1
11287	356577.8
11288	265140.5
11289	171875.6
11292	216324.2
11298	821415.6
11301	775413.4
11304	510780.7
11306	485592.6
11316	174445.9
11317	320851.1
11320	1083714.0
11322	433099.3
11323	7032601.0
11324	452011.4
11325	10502680.0
11326	7679769.0
11328	4527157.0
11329	419180.1
11330	1935188.0
11331	157500.5
11333	792154.4
11338	166674.6
11340	1173716.0
11342	2188617.0
11345	1872188.0
11346	154619.7
11348	1563364.0
11350	186334.6
11351	574922.3
11355	315745.4
11356	159810.5
11358	120874.5
11359	279690.1
11361	213883.7
11363	298499.2
11366	145167.4
11379	166711.0
11391	220028.6
11392	188208.7
11393	215112.9
11394	315177.3
11395	331830.3
11396	257605.5
11407	202239.0
11408	411440.6
11409	274769.8
11410	462519.6
11411	765099.5
11412	1336479.0
11413	1173196.0
11415	282399.3
11429	94787.61
11430	118399.5
11431	369313.9
11432	321659.1
11433	541011.6
11434	440511.3
11435	383349.1
11447	461446.3
11448	703103.8
11449	282893.3
11456	208109.4
11457	235310.7
11458	312786.0
11459	437622.5
11460	179271.8
11461	508078.4
11462	1107374.0
11463	1806932.0
11464	1653053.0
11465	2136822.0
11466	1543355.0
11467	14450640.0
11470	27100250.0
11472	29045750.0
11474	22993320.0
11477	15171840.0
11479	7454986.0
11482	3046873.0
11484	1592950.0
11485	480576.6
11487	183934.1
11499	402042.7
11500	232635.1
11501	284074.5
11502	295405.8
11503	201089.6
11504	197665.4
11505	218973.4
11506	149259.8
11507	177017.6
11509	473630.1
11511	840986.7
11513	694354.9
11515	444470.8
11516	315426.3
11524	1061777.0
11526	266998.2
11528	880469.4
11529	348229.6
11531	315505.9
11533	351143.6
11534	798288.4
11536	227471.6
11538	389964.0
11542	414414.3
11552	231788.6
11553	334257.2
11554	589668.5
11555	741760.3
11556	574606.1
11557	236571.7
11558	228717.6
11559	174204.4
11560	188722.5
11561	292894.6
11562	209167.7
11563	156647.5
11564	504277.0
11565	211099.4
11566	259450.9
11567	273418.0
11571	399647.8
11572	592568.3
11573	640422.6
11574	407217.4
11576	213056.0
11579	1462960.0
11580	1001643.0
11581	542121.8
11582	199543.6
11583	188173.3
11585	1083886.0
11586	2228712.0
11588	1771771.0
11589	540518.3
11591	273232.3
11594	304319.4
11595	156293.3
11597	246817.6
11598	404423.0
11602	539375.6
11603	307350.6
11604	368729.5
11606	216723.4
11607	147713.6
11612	106451.7
11613	282178.2
11614	225701.3
11615	326745.6
11616	248022.8
11619	3875301.0
11620	8467325.0
11622	9074957.0
11623	8312472.0
11624	5434869.0
11626	2302663.0
11627	969006.6
11629	427154.8
11636	253834.9
11637	253610.2
11639	225724.0
11640	298255.0
11647	273617.3
11648	580405.1
11649	172324.7
11650	177209.8
11661	260494.2
11662	123134.9
11663	455828.4
11664	265215.7
11668	484214.3
11670	305240.8
11676	197648.0
11678	358345.0
11679	316453.6
11681	149298.9
11686	229927.0
11687	172968.4
11688	257240.5
11689	168887.5
11690	165425.6
11691	244142.4
11692	189195.9
11693	442072.5
11694	613787.1
11695	723114.1
11696	190368.6
11697	201704.5
11698	369110.2
11699	389625.3
11700	268740.1
11701	1170606.0
11702	193388.4
11703	811800.9
11704	378104.1
11708	297452.0
11710	1354323.0
11711	2838733.0
11713	4995255.0
11714	5952605.0
11716	4359233.0
11718	4056015.0
11719	1942887.0
11721	1723480.0
11722	779031.9
11723	330280.5
11725	297997.9
11734	210464.5
11736	385952.9
11738	588469.9
11739	541568.3
11741	281161.2
11742	248873.4
11757	192036.1
11758	231043.6
11760	252482.1
11761	349375.1
11762	209471.1
11763	237833.8
11764	152847.8
11765	209602.1
11766	240038.8
11767	358450.7
11768	284723.8
11769	494812.8
11770	567279.4
11771	331581.1
11772	427128.8
11773	289361.9
11774	389563.9
11775	695670.7
11776	421532.0
11778	246020.0
11787	170893.8
11788	217731.3
11789	349374.1
11790	197085.1
11791	415920.1
11792	348108.5
11793	439019.3
11794	587507.1
11795	412293.3
11796	377365.1
11812	388722.3
11813	148536.9
11814	237018.0
11815	232551.3
11816	549361.7
11817	869065.9
11818	1264642.0
11819	1078110.0
11820	489812.3
11821	381167.3
11822	184498.6
11823	1336009.0
11824	1346981.0
11825	669189.3
11826	349008.3
11829	258410.4
11834	215381.1
11835	386404.3
11836	367747.8
11837	204113.9
11840	481728.6
11841	962042.3
11842	1394587.0
11843	1578363.0
11844	887456.0
11845	870859.1
11846	630936.9
11848	170405.5
11861	230902.7
11863	1338124.0
11864	1907045.0
11865	1615810.0
11866	1897392.0
11867	1395783.0
11868	922082.6
11869	415737.2
11870	662275.1
11892	1537916.0
11893	3112331.0
11894	5490252.0
11895	2063988.0
11896	1608085.0
11897	1364510.0
11898	2011115.0
11899	734733.2
11900	1135125.0
11901	169079.5
11907	233389.3
11918	168631.1
11919	234544.6
11920	322165.3
11921	337575.1
11922	569982.7
11923	442178.2
11924	297725.5
11925	240038.9
11926	237434.2
11927	320671.8
11928	202788.9
11929	211306.5
11930	410718.3
11931	277967.0
11932	204836.8
11933	242117.3
11934	749050.4
11935	775172.4
11936	447782.2
11937	318838.5
11944	319316.6
11945	217783.1
11947	519442.0
11948	345247.8
11958	302845.3
11959	1091375.0
11960	2160345.0
11961	3438605.0
11962	2960940.0
11963	2638307.0
11964	1853482.0
11965	1385585.0
11967	389958.3
11987	422395.4
11988	929598.9
11989	1643097.0
11990	2121324.0
11991	1497881.0
11992	1198615.0
11993	534531.8
11994	176477.9
12007	244117.6
12009	480861.8
12011	260724.1
12013	350243.8
12024	480711.2
12025	337477.8
12026	646152.6
12027	692000.6
